0,1,2
0.9561675241327225,0.029285194432660627,0.014547281434616963
0.9851697814440402,0.012944937338981935,0.001885281216977614
0.01011394034327616,0.047320210728162254,0.9425658489285618
0.9630567072996162,0.007701182683229426,0.029242110017154422
0.043242916907372225,0.0010729262866864524,0.9556841568059414
0.033448195842520165,0.0021482415740084835,0.9644035625834714
0.05432800203799433,0.9376267247556194,0.008045273206386065
0.988234907402774,0.010172464526157094,0.0015926280710684224
0.9894863747624405,0.009042462254441755,0.0014711629831172636
0.05595003327934357,0.009274813580712398,0.9347751531399439
0.007713303556964931,0.004474861073734871,0.9878118353693003
0.953669831899596,0.042494657254718134,0.0038355108456860866
0.011051267509902913,0.024037149125963917,0.9649115833641333
0.0519780612781729,0.9455535116175681,0.0024684271042592462
0.9869431046720348,0.011143641620417477,0.0019132537075476689
0.9293876335922859,0.043578228731766915,0.027034137675947645
0.9295673245140744,0.044389600882465415,0.026043074603460323
0.07150941878103055,0.0313692517788964,0.8971213294400731
0.9852059966014967,0.012507167643282881,0.002286835755220126
0.015811243941234888,0.9795444758384734,0.0046442802202914715
0.988663932447092,0.009533886304726505,0.0018021812481812422
0.17621737226551867,0.011136853995629083,0.8126457737388522
0.9821637660847884,0.008461565204386264,0.009374668710825216
0.039726292634811686,0.9160396436961876,0.04423406366900055
0.01168886151125222,0.9869355681937627,0.0013755702949850273
0.9902329549554484,0.007890714585652813,0.0018763304588987231
0.981377294242374,0.016901974117321143,0.0017207316403049277
0.16934384223301946,0.8286643913634496,0.0019917664035311094
0.9890069943484903,0.010082234218120151,0.0009107714333890487
0.9906745041004318,0.008379858442239747,0.0009456374573279866
0.010772311443316342,0.0009007290481468246,0.9883269595085369
0.39319911036978544,0.6027994227953536,0.004001466834860984
0.0299806478654726,0.9624788590181097,0.007540493116417869
0.9552135263663025,0.01795624290269569,0.02683023073100156
0.00514682144690233,8.246636330612503e-05,0.994770712189792
0.9777757643718965,0.011605376072706732,0.01061885955539675
0.015058787739744096,0.036852669830369965,0.948088542429886
0.982496903770263,0.008511717490251411,0.008991378739485799
0.9861789780144568,0.012600775457725422,0.0012202465278176586
0.9881274013638575,0.010778229552492767,0.0010943690836497037
0.9728285691052495,0.014513653530257268,0.012657777364493129
0.005540013349143352,0.9918583069878131,0.0026016796630436716
0.7227654529858747,0.20309360633204615,0.07414094068207895
0.9825805032586943,0.016652236903828388,0.0007672598374773242
0.9882372197323914,0.008784715494484722,0.002978064773123984
0.9779394917786965,0.009822330379717758,0.012238177841585601
0.025746640229618933,0.018386035609957593,0.9558673241604235
0.12244075946235951,0.8628531016631926,0.014706138874447792
0.981542375503241,0.0075155929981915994,0.01094203149856745
0.9902971338916027,0.008409326933304226,0.0012935391750927181
0.989123008530338,0.009291001674682638,0.0015859897949785698
0.6077833907085141,0.30109435767822296,0.09112225161326279
0.004078721760100625,0.0046655188969903895,0.9912557593429089
0.9867844007460649,0.007225490381038246,0.005990108872896685
0.9784681253703829,0.010103089840444232,0.011428784789172813
0.45983500555594353,0.5273184427999954,0.012846551644061104
0.9549058440239259,0.023479445851893845,0.02161471012418017
0.9821293467330965,0.009078801292972713,0.008791851973930606
0.9821661974640681,0.008696477201304155,0.009137325334627884
0.9912229854669432,0.007481979471651104,0.0012950350614053582
0.9851516906893071,0.007155497351602921,0.007692811959090096
0.029367315861788992,0.02525135277172661,0.9453813313664843
0.989179862511511,0.00854827461677456,0.002271862871714067
0.9868004693016778,0.011897814172486114,0.0013017165258359747
0.9398531942178187,0.058653414451317304,0.0014933913308639874
0.006225040515321611,0.006843083636063784,0.9869318758486146
0.09004430149357766,0.003214186127305249,0.9067415123791172
0.005270153618684388,0.00016216420338666576,0.9945676821779291
0.9886133570875856,0.010081087088913577,0.001305555823500703
0.7505114223389745,0.20764438030368348,0.04184419735734223
0.9625966079086302,0.036188108492951954,0.001215283598417724
0.04583708856508561,0.022374485809677193,0.9317884256252372
0.9890761486839834,0.009199213562636921,0.0017246377533792154
0.3955698413905875,0.6022840313282869,0.0021461272811255498
0.9601141231495961,0.0165792045179996,0.023306672332403883
0.9900546651653738,0.008660138196819038,0.0012851966378070844
0.009806018249045248,0.0018347915571322502,0.9883591901938226
0.9363075028400769,0.029221870975660282,0.03447062618426288
0.015793578564186967,0.9827174504008201,0.0014889710349930867
0.08560255245864962,0.02883521863559367,0.8855622289057566
0.17565180989776025,0.7829408072226876,0.04140738287955244
0.07071564852923123,0.0013027473612149346,0.9279816041095538
0.9892963817577157,0.009811260355548235,0.000892357886735874
0.9913697631634578,0.007400326110071104,0.0012299107264705817
0.730554759742125,0.17344061659078813,0.09600462366708669
0.16407044601958784,0.815722192869682,0.020207361110730116
0.02000989905220729,0.9545082000158341,0.025481900931958304
0.12438685141597858,0.0017514326203007184,0.8738617159637204
0.787920518053363,0.21033935455776617,0.001740127388870758
0.9215505318612869,0.07529512694309762,0.003154341195615193
0.8103003302928623,0.13681661222921426,0.05288305747792346
0.988326245028771,0.010011308397714533,0.0016624465735144115
0.9674371413544783,0.02415798924047858,0.008404869405043059
0.9823200546392756,0.016343138290786513,0.001336807069937554
0.0880067522222033,0.01906287904588191,0.8929303687319147
0.9865836223045723,0.011823749624358759,0.0015926280710684224
0.9535268077615214,0.044078789741587514,0.0023944024968913895
0.9629940262755529,0.01564960875287903,0.021356364971568075
0.01624787346320354,0.00129827220201236,0.9824538543347843
0.04072408683233357,0.0005241832138768907,0.9587517299537893
0.9857912716497865,0.006598135579477837,0.007610592770735235
0.986257105290952,0.006737651689021017,0.007005243020026514
0.9885776051630052,0.00995787012996694,0.0014645247070274108
0.852296739921904,0.12412319747881602,0.023580062599280117
0.9862859699909579,0.007905173632644737,0.005808856376397438
0.9901380200402801,0.00891484661607898,0.0009471333436406268
0.954846766562644,0.03187443324695974,0.013278800190396067
0.962563458187836,0.024747306938627395,0.012689234873536837
0.9543329018342581,0.03313255599475902,0.012534542170982767
0.09586294615239549,0.8919945875641229,0.012142466283481977
0.09058115427628909,0.9061772298357752,0.0032416158879358704
0.3291637228673885,0.610068657783838,0.06076761934877343
0.9861861248320123,0.0067058022870315195,0.007108072880955999
0.988964634800097,0.008752209398744439,0.0022831558011584523
0.9852107145369776,0.007664826997644521,0.007124458465377771
0.9773726030705226,0.009441685606963426,0.013185711322513727
0.1529048140333703,0.8056663668598532,0.04142881910677645
0.012692844972018436,0.9861766311182524,0.0011305239097291339
0.9014540589105434,0.062266999849069096,0.03627894124038761
0.9386669793838698,0.05807351919482178,0.0032595014213089605
0.9842967145302502,0.013999549061499044,0.0017037364082503497
0.9452217819890452,0.02977934827489455,0.02499886973606026
0.9849868553743759,0.011039410914644767,0.003973733710978994
0.011981713980736974,0.9850504994931666,0.002967786526096254
0.028797153906904644,0.9696496602127352,0.0015531858803593491
0.05898548695448779,0.9000568548873406,0.04095765815817184
0.17988332586508474,0.014627208189764035,0.8054894659451513
0.06964961561652233,0.0023997704617063674,0.9279506139217714
0.5534549844716881,0.4063479429078758,0.040197072620435925
0.9896498981646507,0.008128925059935921,0.0022211767754136023
0.9873952367399348,0.010736195586273147,0.001868567673791634
0.9745031208340973,0.01361221120213438,0.011884667963768096
0.9829309447649619,0.006908632737076625,0.010160422497961447
0.9866556209088786,0.006908530407007083,0.006435848684114219
0.9676355092398226,0.0306872145568085,0.0016772762033692057
0.9901870669371137,0.007968971791331728,0.0018439612715545714
0.9864978040728907,0.011920985332985785,0.0015812105941232736
0.9148882480664966,0.05403612035455125,0.031075631578951643
0.9804323852427116,0.007402574059538705,0.012165040697749818
0.9906491904999533,0.0072978663054803685,0.002052943194565938
0.9617042972504284,0.028731169478982275,0.009564533270589277
0.060538522196867096,0.001011281555917966,0.9384501962472149
0.8907555071390659,0.08657033306784648,0.022674159793086977
0.9794779955034355,0.01722503360243218,0.0032969708941318282
0.9857247640651454,0.00798364990089436,0.006291586033960323
0.9829477184371388,0.00924222505967094,0.007810056503190316
0.9917343329232959,0.007320029619375685,0.0009456374573279866
0.9356987972366081,0.047962387984888846,0.01633881477850276
0.9456830712323945,0.0173330354839948,0.03698389328361052
0.1113177953216109,0.0017391447078897266,0.886943059970499
0.0085774860377986,3.424994693493682e-05,0.9913882640152666
0.04185374749966396,0.9366831799101603,0.021463072590175974
0.011196608656957428,0.004515630036333976,0.9842877613067084
0.25295876079341206,0.0003432133112130947,0.7466980258953752
0.9870081884895805,0.012407904915205412,0.000583906595214269
0.18466624193432885,0.8111574077039279,0.004176350361743165
0.972419204827376,0.014816637136273618,0.012764158036350233
0.9823253817394902,0.007476071697840987,0.010198546562668977
0.9831428765267085,0.006690179039904154,0.010166944433387108
0.9916011690021054,0.00735401380799678,0.0010448171898972867
0.9538393154544572,0.029169428730427806,0.016991255815114913
0.09960072746233241,0.0013598845193634132,0.8990393880183041
0.9842372768109471,0.009019360170682457,0.0067433630183706674
0.9651772394363363,0.0313786763760623,0.003444084187600969
0.9859114015199164,0.006478005709347967,0.007610592770735235
0.9887336152355973,0.009680394969423422,0.0015859897949785698
0.006408428813014337,0.9892351055858982,0.004356465601087528
0.9899610997539097,0.00845291045111113,0.0015859897949785698
0.4327143119424967,0.5622047165748308,0.005080971482672388
0.9893454118172058,0.00942467745632336,0.0012299107264705817
0.1658539483043864,0.0019402946388821574,0.8322057570567314
0.54761612086589,0.4186714497104549,0.03371242942365502
0.06832294416010831,0.0031091777415790116,0.9285678780983128
0.03844801377364846,0.0023794393569890994,0.959172546869362
0.9891108168614415,0.009488286880152748,0.0014008962584052748
0.9890632322325437,0.009559406144589716,0.0013773616228660958
0.005786104490868954,2.4005369827493202e-05,0.9941898901393033
0.02822012480370281,0.9527196769436311,0.01906019825266624
0.004772307939307953,0.0007320492647421837,0.99449564279595
0.9867574579398786,0.011580907168112116,0.001661634892008691
0.044928246786763805,0.9480622897462189,0.007009463467017081
0.0717602341470202,0.002235355174897756,0.926004410678082
0.9872094427806128,0.006515681314949014,0.006274875904438093
0.9440570017313231,0.05388844240266165,0.0020545558660151116
0.9727826365798263,0.012522529962432201,0.014694833457741356
0.9882644530843792,0.010433830389784486,0.0013017165258359747
0.0023623264475384218,0.0015766958398017756,0.9960609777126598
0.00819235696546923,0.0632759580284903,0.9285316850060404
0.015729248203824507,0.021494925123114274,0.9627758266730612
0.9591838609453148,0.030643494344398788,0.010172644710286265
0.988831814291565,0.009661932181215908,0.0015062535272188432
0.9246829352636745,0.06769547634245542,0.00762158839387006
0.007707658147253751,0.007709212385170745,0.9845831294675755
0.019666263728253832,0.004988068157789742,0.9753456681139562
0.26406880637199115,0.7267822245487348,0.009148969079273993
0.9867163514803599,0.011814568066750767,0.001469080452888966
0.9905928835760354,0.008177205697493728,0.0012299107264705817
0.03384169594926913,0.9504044804779724,0.015753823572758775
0.9895261770532597,0.007938573486772234,0.0025352494599677113
0.012564827090042531,0.9857081381017914,0.0017270348081661125
0.014177259469075585,0.004568388800543896,0.981254351730381
0.9815632076207104,0.008248953136629444,0.010187839242660129
0.08640076610833063,0.020209786093249,0.8933894477984197
0.9768401795012189,0.02054346418521188,0.002616356313568873
0.01176397218938191,0.9783650269186721,0.00987100089194597
0.005167704418940371,0.0003430431293190437,0.9944892524517406
0.03370366755492896,0.9486681244913775,0.01762820795369374
0.9820542669989145,0.007755547828859847,0.01019018517222549
0.9839351475969008,0.014218639559793385,0.001846212843305707
0.9788670841219765,0.019163515167801754,0.001969400710221591
0.9910421620235057,0.007906382510506633,0.0010514554659871395
0.8753998394610225,0.12182502061835261,0.0027751399206250487
0.011333842140892307,0.017994376956921715,0.9706717809021863
0.9905038757951229,0.008381040290267275,0.0011150839146092757
0.9833915831256226,0.006936237853085138,0.00967217902129232
0.010369628586170118,0.03261036516880082,0.957020006245029
0.07278535054051347,0.912581462270563,0.014633187188923426
0.09573658813160979,0.0007464918334483552,0.9035169200349421
0.025972960411291057,0.971101544200113,0.0029254953885958852
0.9825386269537526,0.007296479915949403,0.010164893130298112
0.0384012698788975,0.0025577360577465156,0.9590409940633562
0.986201227799623,0.011322800812474004,0.0024759713879031796
0.9797940437610164,0.008863697492986957,0.011342258745996417
0.9590633058801729,0.025364147044435296,0.015572547075391716
0.029823163850991076,0.9568812824549074,0.013295553694101658
0.9549648571859802,0.043558459843750084,0.0014766829702694355
0.987937596648876,0.010970350625032882,0.0010920527260905547
0.008902726690421674,0.0280703385670168,0.9630269347425616
0.9823130538660041,0.007827160328921778,0.009859785805074047
0.9879254714058743,0.01001449110880298,0.0020600374853226304
0.0074660378555869485,0.0020340124945111976,0.9904999496499017
0.9570250098261524,0.03244358027579347,0.010531409898053854
0.05500207435000492,0.0006060694757635068,0.9443918561742314
0.8242706878343733,0.15201004809886265,0.023719264066764074
0.9641924718926631,0.030217945915854933,0.005589582191481911
0.9820976004550017,0.00804148776620252,0.009860911778795747
0.024464877355905537,0.9716969176424404,0.0038382050016542222
0.693360327199998,0.24532943121879025,0.061310241581211955
0.9833454291610998,0.008489286795911726,0.008165284042988392
0.9858241913458814,0.01214561615692724,0.0020301924971912423
0.026833517427256277,0.9575796509848596,0.015586831587884329
0.9808698517885461,0.010358716853728227,0.008771431357725408
0.9837804790415825,0.007199217388587213,0.00902030356983024
0.0163107144436423,0.03979842010309175,0.943890865453266
0.9496193271220632,0.04535753060915753,0.0050231422687788485
0.11738809541927944,0.006394045252788459,0.8762178593279318
0.09679644461975329,0.0006408884275769848,0.9025626669526698
0.9582592980627479,0.03924904392998203,0.0024916580072705257
0.9830019517922796,0.01453232781356572,0.002465720394154325
0.9812399667135122,0.008580416929728777,0.010179616356759244
0.9906629556473294,0.00813571350827195,0.001201330844398119
0.021721278852519257,0.006030846623392336,0.9722478745240886
0.9857219468411372,0.007181463537486948,0.007096589621375798
0.9407380619644882,0.042512766024107355,0.016749172011403888
0.9855260126314711,0.008101123209979107,0.006372864158549655
0.989077202530908,0.00923294629161243,0.0016898511774794981
0.9889584243181191,0.009577050974853188,0.0014645247070274108
0.01343747361320397,0.9669407547947028,0.019621771592093648
0.012396462025352026,0.004959373411989248,0.9826441645626585
0.9881691778773191,0.010407422991083016,0.001423399131598006
0.976929212647113,0.009667304601854604,0.013403482751032458
0.9794492319170348,0.007649758924295977,0.012901009158669131
0.9851744234579515,0.009621378540982556,0.0052041980010660745
0.9891946525804108,0.009381948287991238,0.001423399131598006
0.9880990948171886,0.010599188656974899,0.0013017165258359747
0.046958990522447494,0.0293453038740639,0.9236957056034888
0.9830460083514245,0.0156440934001424,0.0013098982484332387
0.027285479434422943,0.004083330266836253,0.9686311902987411
0.839195885623063,0.12725598410727057,0.03354813026966606
0.23090167361870573,0.7214289888980031,0.047669337483291135
0.9900110322934443,0.008024927857199233,0.0019640398493563425
0.9851116841826318,0.007278900896699379,0.007609414920668662
0.15866841438130533,0.8004166633117437,0.04091492230695076
0.9745787728069325,0.014915546966355222,0.010505680226712121
0.9730283862397355,0.010858229575540328,0.016113384184724213
0.9881711475183921,0.010493541297982866,0.0013353111836249137
0.025813791103609315,0.9719950357645263,0.00219117313186446
0.03139437786686015,0.005195392500402962,0.9634102296327367
0.1006118841105903,0.896402139374985,0.0029859765144246942
0.9847934217018043,0.010747549913088548,0.00445902838510712
0.9835491527137218,0.009011376849392834,0.0074394704368858575
0.007523735393471587,0.0007685544304350148,0.9917077101760935
0.9874851001274879,0.011109447868244948,0.0014054520042668295
0.012012605964534063,0.03244318418834863,0.9555442098471174
0.004118053066527619,0.00018945748063306435,0.9956924894528392
0.019402827343184135,0.9773438715055822,0.00325330115123352
0.7058859424345738,0.2558557107111597,0.03825834685426638
0.9828308810668257,0.009358078042277885,0.007811040890896365
0.007387286450291595,0.9910516939274763,0.0015610196222322096
0.8676854720488839,0.12822216684028176,0.00409236111083457
0.9839317702929642,0.009347697012262995,0.0067205326947728915
0.02133274590795751,0.9540367012927494,0.024630552799293506
0.9849321362983106,0.013406228809680116,0.001661634892008691
0.016041165459829886,0.0004019583512821233,0.983556876188888
0.9901776451529914,0.00870727093239872,0.0011150839146092757
0.946697034542841,0.04760778619627696,0.00569517926088228
0.9890985392371782,0.009402709218723337,0.001498751544098415
0.9821348293507935,0.012686365354098053,0.00517880529510814
0.9832073151698036,0.0074683556732355605,0.009324329156960747
0.9891201624247742,0.009212189994378589,0.0016676475808469317
0.9247672784373729,0.07152672535425726,0.0037059962083697186
0.9673926698220334,0.023330254640096873,0.009277075537869722
0.011632184513422603,0.00549119656824846,0.9828766189183291
0.046761402295458415,0.016646079088414974,0.936592518616127
0.9718728017871906,0.015922851041607428,0.012204347171202324
0.6551849533171061,0.25710318817305455,0.0877118585098392
0.02425937270905469,0.9739864785696456,0.001754148721299631
0.9822388594825388,0.0075848236350806566,0.010176316882380304
0.08508674910504876,0.905712079194835,0.009201171700116402
0.9914547279509475,0.007251732873959401,0.0012935391750927181
0.13012241197560936,0.006682216463202636,0.863195371561188
0.9837829984988997,0.006548350217470677,0.009668651283629561
0.07515196815306899,0.005840396522820288,0.9190076353241108
0.9726808547342768,0.013481305998065927,0.013837839267657429
0.06631318061462203,0.0011969639444467032,0.9324898554409312
0.006834691923928528,0.01022011189164478,0.9829451961844267
0.9733666686793849,0.012282576589256267,0.014350754731358101
0.9793456790756874,0.010817819214080147,0.009836501710232681
0.07764662311333065,0.002919905548686018,0.919433471337983
0.3193582141106655,0.0017624922368330944,0.6788792936525013
0.004802041105822842,0.011534973920764935,0.9836629849734122
0.35766724674143197,0.09347283341345049,0.5488599198451178
0.9882223049909412,0.008952968592201311,0.0028247264168572896
0.983701021130907,0.015325088911059279,0.0009738899580335237
0.9490076307496192,0.01911885587013718,0.0318735133802437
0.9370042539286016,0.05915717601921234,0.00383857005218611
0.014325639615670523,0.0008813010350073984,0.9847930593493224
0.950228073183232,0.04557008500347329,0.004201841813295067
0.009038139078785283,0.0039041875480497652,0.9870576733731649
0.9862761510682005,0.012062214039790055,0.001661634892008691
0.9898701868490466,0.009043660471142564,0.0010861526798104223
0.9890886464227647,0.008979671552507252,0.0019316820247278655
0.032943198928668,0.0011205983485184053,0.9659362027228137
0.8466645328951442,0.1320482828165426,0.02128718428831298
0.9705087266900163,0.013917317290071006,0.015573956019912828
0.040262105886744184,0.00358929968340038,0.9561485944298554
0.9813992261959744,0.015246379563863306,0.0033543942401624447
0.009110676436128616,0.015555208455332507,0.975334115108539
0.9601832995499984,0.019827881902671148,0.019988818547329822
0.08335812172514565,0.0007921079786434457,0.9158497702962114
0.009596029696123822,0.009087514796537464,0.9813164555073388
0.9769684518166508,0.022353984595369372,0.0006775635879797552
0.04675205660692776,0.0006261021464330505,0.9526218412466392
0.007322059352179972,0.019556318439772305,0.9731216222080475
0.026337810748642578,0.03680397841431861,0.9368582108370389
0.9915830935595379,0.007471268983133525,0.0009456374573279866
0.978529613274433,0.009480615233605539,0.011989771491961598
0.9516870806883142,0.03793624803556383,0.010376671276122192
0.9682916698232533,0.026603462013586668,0.0051048681631598826
0.970350336980497,0.01766352972403093,0.011986133295472268
0.005571062692918316,0.0042680395157311014,0.9901608977913507
0.9885277536305446,0.009824356378900475,0.0016478899905546798
0.04231418189265313,0.9273121980829774,0.030373620024369177
0.016656898913750943,0.04757003432650867,0.9357730667597406
0.9879496806187479,0.009913527744076703,0.0021367916371754785
0.1898405757930621,0.726902379305856,0.08325704490108254
0.9823831456642109,0.01323811167765865,0.004378742658130443
0.9816558435109188,0.011417443176078353,0.0069267133130029405
0.08895657955635163,0.9061149305028156,0.004928489940832933
0.9809533074884966,0.01444358714187868,0.004603105369624456
0.04760792142794848,0.9397198008107344,0.012672277761316759
0.989524308771371,0.0091739747027927,0.0013017165258359747
0.946380356387636,0.05130114326288913,0.0023185003494749553
0.9850216019580393,0.012623119049179352,0.0023552789927810767
0.99034847389732,0.007472355711219961,0.0021791703914597234
0.9482844984014548,0.0374963171076971,0.014219184490847622
0.9870712184211348,0.010689186790257805,0.0022395947886073154
0.07346054357066677,0.0006350619282641716,0.925904394501069
0.9592869699317582,0.0258345959481177,0.014878434120123405
0.9826275685526482,0.007208531919634251,0.010163899527717488
0.9813199939866817,0.008472010404796265,0.010207995608521989
0.9483644433688968,0.046857750004462295,0.004777806626641194
0.014037472207915166,0.9602004525601916,0.025762075231893212
0.9668080724553889,0.016746251739300298,0.016445675805310693
0.987095000379925,0.011433836636957163,0.0014711629831172636
0.986638161936837,0.012825429819587111,0.000536408243575411
0.9766349725275831,0.009973380608247227,0.013391646864169725
0.9828086134432001,0.0160955215868371,0.0010958649699623437
0.9900524392746584,0.008047415369310506,0.001900145356030763
0.08429316964438938,0.8842643675030222,0.03144246285258849
0.9796607499825254,0.009760875668348446,0.010578374349126255
0.9657149672218946,0.020532599643256755,0.013752433134848696
0.9864888030520629,0.011785933607305715,0.0017252633406308275
0.027392150624899483,0.03608365728625411,0.9365241920888462
0.0905543126446901,0.8932158010437975,0.016229886311512155
0.9877570445975506,0.011335635158655847,0.0009073202437935389
0.9705760573284276,0.025411127327601958,0.004012815343970554
0.032967807602420386,0.9504070502428873,0.016625142154692307
0.985482675772099,0.013026325070366546,0.0014909991575343317
0.002555477295553607,7.756112281525121e-05,0.9973669615816312
0.08883163104448794,0.001660259866612675,0.9095081090888992
0.17067053314618902,0.018861151238040233,0.8104683156157706
0.9832071156140035,0.0074566099734556055,0.009336274412540748
0.04286322582630864,0.0045885070487009525,0.9525482671249903
0.03643983933562498,0.959743934986691,0.0038162256776837584
0.984297081675631,0.006693768797354627,0.00900914952701407
0.9916342900850301,0.007629736257386686,0.0007359736575825667
0.09143857745577383,0.8868609461483834,0.02170047639584287
0.8663977373338841,0.0837693196306443,0.04983294303547126
0.9646749648063546,0.024957535533555685,0.010367499660089697
0.4458468556182486,0.5472470796494565,0.006906064732294793
0.98712832687178,0.006596797223781617,0.006274875904438093
0.008731558532893645,0.0001748834026244113,0.9910935580644821
0.9718681689632512,0.026825010862839848,0.001306820173908688
0.1655552927430569,0.8194272891996719,0.015017418057271192
0.010555266880493082,0.05896728944202865,0.9304774436774785
0.982091993865445,0.007744407831362131,0.010163598303193092
0.1200465754326145,0.8459095527543075,0.034043871813078413
0.050155609996261036,0.007766652180620286,0.9420777378231187
0.8658079196774982,0.12322881308062568,0.010963267241876053
0.9847383581704716,0.013571888360386973,0.001689753469141317
0.957339263344836,0.019715923939271587,0.02294481271589244
0.015179084202774227,0.9709167789571405,0.013904136840085094
0.0755546801030265,0.007018851616578424,0.9174264682803945
0.008782437303286117,0.9854725281434409,0.0057450345532731725
0.9640209307251831,0.017117551069266518,0.018861518205550244
0.25943974939370984,0.7381954229732682,0.002364827633022001
0.007838157857226326,0.0006555422934544269,0.9915062998493194
0.8556089824132339,0.11475957213934965,0.029631445447416072
0.04830625085807756,0.000518849788933754,0.9511748993529886
0.9755145481547342,0.013863484035132078,0.010621967810133486
0.032178653007790235,0.042056602877770646,0.9257647441144392
0.9402893347571785,0.05702859968633486,0.0026820655564869867
0.9291593661848516,0.0702481504524631,0.0005924833626846935
0.01046879050160603,0.03779881359596434,0.9517323959024295
0.008999415312027059,0.020670035645320342,0.9703305490426526
0.9863849486165877,0.01195341649140335,0.001661634892008691
0.9793671264042604,0.010800529823892598,0.00983234377184698
0.9906371203905252,0.008069340434381643,0.0012935391750927181
0.028645985738182955,0.959286126286107,0.012067887975710028
0.9544629140755945,0.042975540036701336,0.002561545887704628
0.8990660599156797,0.06904031624796533,0.031893623836354384
0.9276781157831719,0.0698224285722301,0.002499455644598227
0.9892729177040087,0.009490533293430522,0.0012365490025604345
0.047619777153794535,0.9299034920419182,0.022476730804287307
0.16303140515223183,0.08929241085683812,0.7476761839909298
0.9879837984269002,0.010430211778120639,0.0015859897949785698
0.04485674339732492,0.00026421904461059506,0.9548790375580642
0.0498399515861009,0.8963989093549116,0.05376113905898726
0.10797365477440604,0.0027980629444886605,0.8892282822811055
0.027501973644999664,0.970783447244022,0.0017145791109781194
0.719500155685779,0.20209617922958154,0.07840366508463938
0.01361703070073298,0.985007399004282,0.0013755702949850273
0.9691160763198137,0.019950221883208358,0.010933701796978113
0.008196282324543072,0.0006594945373882947,0.9911442231380689
0.5694042826261578,0.3583594879067876,0.07223622946705432
0.9509470980359173,0.037878944852506743,0.011173957111575967
0.9854340890720052,0.0068588471600442465,0.007707063767950475
0.8266125979051081,0.13860989792946465,0.03477750416542757
0.9865771294221105,0.007147841609751726,0.006275028968137601
0.04072934465404309,0.9053053665990903,0.053965288746866936
0.02175990838537651,0.9681569670512177,0.010083124563405576
0.050250678043686575,0.00030408504508254566,0.9494452369112308
0.9798673288435807,0.008531003116793112,0.01160166803962597
0.9476530166594341,0.047711895413038,0.004635087927528178
0.9597333135167527,0.03031099470049235,0.009955691782754857
0.9478833615565736,0.04855862990202867,0.003558008541397836
0.959307283382846,0.03475980064429276,0.005932915972861119
0.015563732718412857,0.04810078713395985,0.9363354801476276
0.9676060846407712,0.027021499454172437,0.005372415905056104
0.025305279307891906,0.9570987399571278,0.017595980734979852
0.9909997453178019,0.007770343955727116,0.0012299107264705817
0.016748060434799105,0.9419389859476829,0.04131295361751758
0.9847314805293411,0.006833857136400161,0.008434662334258719
0.5032855902745712,0.4618553856180984,0.0348590241073302
0.6900638924817224,0.2806377900557141,0.0292983174625633
0.9658925446396769,0.018739248067238982,0.015368207293084078
0.9896394493607061,0.008204431140754446,0.002156119498539352
0.04700449595428044,0.010934584276743195,0.9420609197689761
0.030928753572773728,0.9670762897709422,0.0019949566562841017
0.007840979551591848,0.0017295666964709181,0.9904294537519374
0.987774620256398,0.01050011640297062,0.0017252633406308275
0.9429823204138841,0.05302448895743042,0.0039931906286857785
0.02422650011965273,0.0005342108090002555,0.9752392890713469
0.9851349521155435,0.01290949994276666,0.001955547941689603
0.01198791196879271,0.9866365177362222,0.0013755702949850273
0.9862642023348009,0.012334901406793403,0.0014008962584052748
0.9576114029160655,0.03236457360968368,0.010024023474250717
0.9718485372342562,0.012407684628309268,0.015743778137434373
0.9896262331567587,0.008937177000687732,0.0014365898425533774
0.6479837664124983,0.2526291113710514,0.09938712221645042
0.9656481741647035,0.02433402986144749,0.010017795973849166
0.9902279277179011,0.008110437390089716,0.001661634892008691
0.1022030970237521,0.017940493356598478,0.8798564096196492
0.9886564114158065,0.010226965594930415,0.0011166229892626796
0.039755801226474284,0.9563898682784836,0.0038543304950420325
0.9494649517538869,0.03476925605009186,0.01576579219602113
0.9872391470760471,0.011459136398116465,0.0013017165258359747
0.9371683284711451,0.044298699435807685,0.018532972093047564
0.989828011612711,0.00883962291231346,0.001332365474975234
0.011641885463616395,0.0382860548393596,0.950072059697024
0.9549224111756606,0.035835761678624366,0.009241827145715137
0.05785473020073997,0.9327730282545107,0.009372241544749239
0.07090819299034361,0.9097025307034946,0.019389276306161773
0.09117404556588538,0.8879647253066321,0.020861229127482336
0.9831121571970928,0.01384775480851133,0.0030400879943960173
0.9858586459623606,0.011327678731735888,0.002813675305903463
0.02832091028033285,0.013990581467093966,0.9576885082525731
0.9879171508576434,0.00957716758010729,0.002505681562249116
0.09682086688738294,0.8976332292775016,0.005545903835115881
0.9863985370553712,0.011129533652834986,0.0024719292917934218
0.9864506813208186,0.011070751111297761,0.0024785675678832744
0.9522663083396276,0.03663183068791746,0.01110186097245462
0.9856714213378762,0.008374210598283173,0.005954368063840464
0.009378639277848292,0.043015187304670695,0.9476061734174813
0.003363026689328952,3.691900839396165e-05,0.9966000543022773
0.9824982948202167,0.0073378056520657054,0.010163899527717488
0.9237803465451069,0.01986428731986706,0.05635536613502632
0.9888412935340667,0.009723583370456802,0.001435123095476279
0.8571058637955062,0.1265495981274403,0.016344538077053446
0.9882720079837435,0.009339892290649526,0.002388099725606906
0.06108590929415622,0.055938423499862486,0.8829756672059811
0.012874911270811105,0.00168420918462396,0.9854408795445648
0.01078471922729612,0.9859294224351259,0.003285858337577877
0.9846402548750259,0.01344133456384351,0.001918410561130206
0.9574324600770759,0.03430302737864143,0.008264512544282603
0.6949760307786238,0.29960108820660536,0.005422881014770952
0.013632503639077018,0.00034606716023775436,0.9860214292006855
0.0377038077913936,0.0029233432127907044,0.9593728489958155
0.9794667938106533,0.017154043673920007,0.0033791625154265155
0.9823987732114994,0.0074129572679798115,0.010188269520520826
0.9775743976330675,0.017169752098634593,0.005255850268297826
0.01816245826300707,0.9447080000589827,0.03712954167801052
0.026041532754004802,0.9651664509880624,0.00879201625793325
0.9905603878745672,0.008394794935535169,0.0010448171898972867
0.013593290173353817,0.0019711086855177433,0.9844356011411284
0.006981475292564103,0.0027679178385918513,0.9902506068688446
0.9789373503568997,0.008441881322573376,0.012620768320526747
0.014368493500977735,0.9720485584110999,0.01358294808792233
0.07135380226700758,0.000778797561583611,0.9278674001714089
0.9404206307862603,0.049216723018144545,0.010362646195595196
0.06872439120979786,0.03574096096169518,0.8955346478285068
0.815828478666901,0.1526105137071886,0.031561007625910055
0.9812921096127195,0.007789583032894919,0.010918307354385363
0.9879497866887286,0.009281885978157552,0.002768327333113886
0.9455920918490455,0.015570606771588488,0.03883730137936612
0.9820320743531532,0.011459782257974624,0.00650814338887213
0.06586385642107445,0.904760456815292,0.02937568676363375
0.9835537837482279,0.011121023442249838,0.005325192809522388
0.9837397226768736,0.008564453176164425,0.007695824146961801
0.5778190054522692,0.3461574066321763,0.07602358791555461
0.9869122469151417,0.009643879802185657,0.0034438732826721306
0.9405747516116315,0.018832467773374825,0.04059278061499414
0.004010474930700536,0.01027769666482639,0.985711828404473
0.015135585321129567,0.9825477886545059,0.002316626024364648
0.021151705128768353,0.007651005149765248,0.9711972897214661
0.009171025752766036,0.06289968222966341,0.9279292920175708
0.05481719751078729,0.0008735199958035345,0.9443092824934094
0.9743200433319343,0.01545843069434488,0.010221525973720797
0.9897455355966409,0.00895441456623691,0.0013000498371218347
0.18697961276031463,0.0612588270887657,0.7517615601509194
0.036802701051574696,0.9459344267439811,0.017262872204444606
0.9843379292787339,0.015260632017434661,0.00040143870383148463
0.015043259940623473,0.0007579610359213225,0.9841987790234551
0.9892602297108277,0.00851722653147719,0.002222543757695294
0.9819952758643773,0.00781581842673915,0.01018890570888382
0.09481038574357716,0.004521253727880688,0.9006683605285422
0.02517695832072217,0.018332580398008048,0.9564904612812698
0.9866736891977221,0.010820763381081571,0.0025055474211959725
0.03186580907724846,0.0003584238200524725,0.9677757671026994
0.9612974529394976,0.026514956803826067,0.012187590256676182
0.9892744798557394,0.00913346295450453,0.0015920571897561281
0.16564674275632985,0.7874949502552545,0.046858306988415525
0.013058402085277145,0.031402711754473976,0.9555388861602486
0.9857497870189366,0.00967843618107839,0.004571776799984976
0.05788364265513019,0.9339539073610922,0.008162449983777312
0.3997021953322875,0.5964221979573923,0.0038756067103201176
0.031233508157028675,0.020623690921927992,0.9481428009210434
0.9563523857984205,0.040148019806901435,0.003499594394678138
0.8840599284951317,0.08488598451261074,0.031054086992257156
0.012807730099059571,0.0007929380726482917,0.9863993318282924
0.0031395933478394955,6.204596901316598e-05,0.9967983606831473
0.9401144937754363,0.05943710500608748,0.00044840121847605557
0.9869433218890604,0.011107768445339344,0.0019489096655997502
0.04769064117598659,0.917637356800881,0.034672002023132566
0.7165288883527283,0.18016088107805406,0.10331023056921756
0.07970093844567627,0.004381468755754674,0.9159175927985688
0.05891454556452851,0.06153390526697819,0.8795515491684931
0.7955815899872117,0.19347714538543406,0.01094126462735439
0.0029118313805652873,0.0019355306142204752,0.9951526380052147
0.9809268894732276,0.00815767965145377,0.010915430875318816
0.02312455838124653,0.05012748875462142,0.9267479528641321
0.9903206031979837,0.008093407007037255,0.0015859897949785698
0.025976572061453394,0.9649272196948679,0.009096208243678683
0.03090961676985758,0.00039584982623174224,0.9686945334039107
0.9883021607556525,0.009559551720859304,0.0021382875234881183
0.008213727641801824,0.004741862744476093,0.9870444096137223
0.012418461282394776,0.9861199674141712,0.0014615713034338612
0.9770054039385186,0.01168580194428734,0.0113087941171938
0.010356761238817826,0.010535456962106194,0.979107781799076
0.019171692342915436,0.02316575070805565,0.9576625569490289
0.9299379252961509,0.046361831300927026,0.02370024340292165
0.9894357830629622,0.009262500411201285,0.0013017165258359747
0.031785981701520284,0.011839807006432595,0.9563742112920468
0.9832936170814809,0.006551088216360531,0.01015529470215891
0.9889583247571571,0.00939205699924165,0.0016496182436007063
0.07152822240938685,0.038147266201272914,0.8903245113893403
0.06701415602207329,0.03276368255528893,0.9002221614226374
0.00924223307931736,0.0011470993713882493,0.9896106675492942
0.017638766892278515,0.03287565563567309,0.9494855774720488
0.031700233563216274,0.9557868368008553,0.012512929635928365
0.9884224467877413,0.010341004209698149,0.0012365490025604345
0.13719774617253175,0.8432206847977762,0.01958156902969171
0.9170088031009656,0.02734009341400266,0.0556511034850319
0.7345937391244998,0.21259224922998052,0.052814011645519604
0.9854233852057986,0.01352423399019818,0.0010523808040028663
0.9890257129088127,0.006230637603841052,0.004743649487346243
0.9851097741616812,0.008544338648237981,0.006345887190080926
0.9816744238981004,0.015130377364168265,0.003195198737731091
0.9879420932489359,0.011099120355617009,0.000958786395446956
0.9788938549395398,0.01863241943845369,0.002473725622006193
0.029328624820192786,0.00019558405412815023,0.970475791125679
0.022280452213151333,0.036645297839907866,0.9410742499469406
0.9666596338673754,0.0245535895452185,0.00878677658740603
0.9531350567629098,0.03531442352114631,0.011550519715943888
0.013782961938255739,0.0385675497304321,0.9476494883313121
0.022505996181579904,2.3128307825185575e-05,0.977470875510595
0.047882317951666656,0.0008284027586914869,0.9512892792896417
0.007833196814250196,0.0002582927415880328,0.991908510444162
0.9864496298777315,0.007127909873379189,0.006422460248889088
0.9565669504303972,0.041092515592825236,0.0023405339767779898
0.9813594330607088,0.007688894586938611,0.010951672352352608
0.03536372710268894,0.960956012621496,0.00368026027581477
0.9651516600685095,0.030005619560418424,0.004842720371072211
0.9269877147594789,0.05729371029952401,0.015718574940997335
0.9893033805586416,0.009534821664517459,0.0011617977768405435
0.9862842299911,0.01165727421144307,0.002058495797456462
0.02607641443231863,0.9665839483746111,0.007339637193069892
0.03043925193333176,0.9680446631185418,0.0015160849481266059
0.9814541846746895,0.008366187519713755,0.01017962780559685
0.08380481700678427,0.874077608651777,0.042117574341438715
0.9606527996746843,0.009193784377091231,0.030153415948225154
0.8467448738468838,0.1475571263297526,0.0056979998233636815
0.10850754959823511,0.0013594570670360578,0.8901329933347287
0.9918205910774234,0.007233771465248256,0.0009456374573279866
0.98059272655756,0.008477779999238318,0.010929493443201797
0.9889648284114216,0.009656529235786054,0.0013786423527922986
0.09381799363767553,0.0013628761738196796,0.9048191301885048
0.023082932917594678,0.9561081679216877,0.020808899160717657
0.9901786063439072,0.008591482929622038,0.0012299107264705817
0.9899213670210087,0.009132995521662511,0.0009456374573279866
0.9884903041511484,0.009067078927988614,0.0024426169208628646
0.9826384713417275,0.015469587655317685,0.0018919410029549178
0.007284220138825979,0.0013435189849208987,0.991372260876253
0.8805258449669863,0.06805736636430453,0.051416788668709176
0.11569266448154172,0.0264249976026947,0.8578823379157636
0.02759523689059233,0.961172294575675,0.011232468533732583
0.97899124804964,0.010179641067163108,0.01082911088319693
0.026839922367098867,0.9646103919182258,0.008549685714675284
0.9185420998063847,0.060454421778211004,0.021003478415404682
0.9865302933052287,0.01212726641682245,0.0013424402779486258
0.9808591411184618,0.010577274660531141,0.008563584221007097
0.9758701545916363,0.008823846094010107,0.0153059993143542
0.8730714138750154,0.10616555215527056,0.020763033969713827
0.03847493514282478,0.05855823840502042,0.902966826452155
0.01698647753405343,0.0018603998051593149,0.981153122660787
0.9884526220411438,0.010453291818521454,0.0010940861403347475
0.9569780942592664,0.041303239294915334,0.0017186664458180212
0.9860974943140168,0.012808136602333235,0.0010943690836497037
0.9827320441304728,0.008899958156218985,0.00836799771330814
