0,1,2
0.947719793787763,0.028114880350009086,0.02416532586222785
0.9869827659259773,0.01220358242911252,0.0008136516449098052
0.015845341269886543,0.04840116608572767,0.9357534926443857
0.9726245708356402,0.008216398163814873,0.019159031000544936
0.012911874531521731,0.001364334431212197,0.9857237910372662
0.03554247232838561,0.0011207534657436448,0.9633367742058708
0.030909174984370052,0.9611828125360673,0.007908012479562543
0.9910993099591004,0.008011076531887196,0.0008896135090123561
0.9917195879254925,0.007745291363785548,0.0005351207107219817
0.054654757515074925,0.00414914825544474,0.9411960942294804
0.004918901832352908,0.005283848072446315,0.9897972500952007
0.9480215050959131,0.050183698108438854,0.0017947967956476862
0.023922724159486073,0.01881847767761526,0.9572587981628987
0.04160889478535748,0.9564347766713432,0.0019563285432999764
0.9910736506766095,0.008568533388553744,0.0003578159348365514
0.9282763912526337,0.03871980121870857,0.03300380752865759
0.9023154573983319,0.06204639503053827,0.035638147571129604
0.0293851033329199,0.029258965006469902,0.9413559316606103
0.9862486016212972,0.012937746733792945,0.0008136516449098052
0.011618894420770989,0.9850628579958834,0.0033182475833454634
0.991632966894946,0.008190690896411258,0.0001763422086425142
0.10476454101739055,0.010112753200506735,0.8851227057821032
0.9812085595876944,0.008948497726170741,0.009842942686134651
0.03781378377593054,0.9455190780253515,0.016667138198718227
0.009350442940428055,0.9883164734455206,0.002333083614051194
0.9915330326832619,0.00829062510809528,0.0001763422086425142
0.9824560163718651,0.017367641419492458,0.0001763422086425142
0.1406857869259597,0.8590413085906095,0.0002729044834307992
0.9898626470087523,0.009779537056411058,0.0003578159348365514
0.9906769157520336,0.00896162665253236,0.00036145759543378385
0.007572261103901559,0.0001884279123081841,0.9922393109837901
0.36134841852776334,0.6143044773885493,0.024347104083687357
0.04339180756993863,0.9529192754964343,0.003688916933626869
0.9642180507901972,0.01865038706179526,0.01713156214800769
0.0031030461723597796,0.0008902608488288237,0.9960066929788115
0.9802166747238354,0.009159475323356103,0.010623849952808559
0.02431236495996362,0.017663516814392342,0.958024118225644
0.9862394934120021,0.008985554500655829,0.004774952087341995
0.9852514599088551,0.013934888446234934,0.0008136516449098052
0.9894725058860466,0.010347510244713481,0.00017998386923974652
0.9821687265756389,0.013441360325688472,0.0043899130986724206
0.005896190129592149,0.9922748821242159,0.0018289277461917691
0.6606507036449402,0.2562334956401292,0.0831158007149305
0.9813118320089882,0.018175481662118586,0.0005126863288931412
0.9902894412644726,0.009138263066021534,0.0005722956695055108
0.9820826325119317,0.00891310896256791,0.009004258525500129
0.006990764493679232,0.005292226082651266,0.9877170094236696
0.08075808704474108,0.9092946634947491,0.009947249460509835
0.9889590344276862,0.007292418858740154,0.003748546713573478
0.9918752349192986,0.007766949145864819,0.0003578159348365514
0.9894241157191935,0.009666354662446896,0.0009095296183596672
0.6876381152761358,0.25794483460915363,0.05441705011471048
0.003064623995922307,0.0027298097418537283,0.9942055662622238
0.9822298238322453,0.007836747933969414,0.009933428233785055
0.9747973421133921,0.02004441431087765,0.005158243575730129
0.5350556520442776,0.4380337257994123,0.026910622156309953
0.9730020342074934,0.01608865811049822,0.010909307682008542
0.9816889128360258,0.010475006285732119,0.007836080878241993
0.98680496275747,0.008324925635103618,0.004870111607426264
0.9928767137316014,0.006765470333561886,0.0003578159348365514
0.9904005716770276,0.006887935232131838,0.002711493090840602
0.04090013680536324,0.009437083904914805,0.9496627792897222
0.9894755760122895,0.01034808177906773,0.0001763422086425142
0.9871558750749605,0.01203047328012965,0.0008136516449098052
0.927353267552491,0.06600869354836157,0.006638038899147148
0.0061343976033667305,0.005002223453295426,0.9888633789433379
0.027341743632013166,0.0006221186091193306,0.9720361377588675
0.008061442795058275,0.0021980980072050156,0.9897404591977369
0.9912600288162489,0.007779600435120362,0.0009603707486308018
0.7806846679018858,0.18563468459969026,0.03368064749842368
0.9426903166975602,0.05301182916084058,0.004297854141599243
0.037887164570985815,0.02412334225054643,0.9379894931784676
0.9909889494479939,0.0088347083433634,0.0001763422086425142
0.40379895078107564,0.5929488841995836,0.0032521650193405444
0.9450903568509292,0.014515477737649784,0.040394165411420886
0.9915192146223006,0.007903007599921534,0.0005777777777777778
0.015691206328514208,0.0024919227459448984,0.981816870925541
0.9228316255138774,0.04559050224049285,0.031577872245629975
0.016094157947352406,0.9812716086523443,0.002634233400303182
0.07804325796685531,0.025167692090831077,0.8967890499423136
0.15046818575789767,0.8120706319579303,0.037461182284172174
0.0853266798992554,0.0006695880581563794,0.914003732042588
0.9897253964908017,0.009884166742125952,0.0003904367670724874
0.9912668871372415,0.008020804129631572,0.0007123087331269259
0.8032345071927705,0.15974983601819842,0.037015656789031404
0.20943482458573,0.7647446869382764,0.02582048847599364
0.016490430985291765,0.9726208743220739,0.010888694692634562
0.07034283935341704,0.0008567225879869149,0.9288004380585961
0.7672425887419827,0.23157365108335917,0.001183760174657908
0.9168529307051039,0.08148736951847622,0.001659699776419879
0.779990009122983,0.16379970358503246,0.0562102872919842
0.9905909252502316,0.009230949692132822,0.0001781250576352045
0.9681387606907653,0.023217672666202407,0.00864356664303218
0.9903644275979007,0.009457447344464043,0.0001781250576352045
0.10590866826281709,0.04081546635959091,0.853275865377592
0.990421890567042,0.008800910391198733,0.0007771990417591791
0.9523311499029209,0.04626981457593689,0.001399035521141806
0.9728160657468748,0.016260971338940545,0.010922962914184762
0.009492409076869976,0.0001848164231047624,0.9903227745000251
0.047412721685724024,0.0008888107978574717,0.9516984675164185
0.988645138652102,0.00738687517430189,0.003967986173596077
0.9900770821251279,0.0066729001366833095,0.0032500177381887922
0.9868100396087103,0.011139845291396737,0.0020501150998930478
0.8513734152830235,0.1276812344257623,0.020945350291214374
0.9873298521481568,0.007972516811722574,0.004697631040120624
0.9910215867067796,0.008378519027346454,0.0005998942658737488
0.9711540705332162,0.023329280395479525,0.00551664907130373
0.967377319329798,0.022195759898042546,0.010426920772159216
0.9674519151888186,0.026161983668232133,0.006386101142949189
0.07067282316424112,0.9268070155454363,0.0025201612903225806
0.0845579687163671,0.9141386969979206,0.001303334285711789
0.39704673517673167,0.5745655324680934,0.02838773235517479
0.9895365900457833,0.007490040577146171,0.002973369377070408
0.9914268548724111,0.008250849458082967,0.0003222956695055108
0.9860674511079839,0.008580294595591217,0.005352254296424807
0.9818793651874228,0.00941492856219699,0.008705706250380202
0.09627639609830407,0.8707602103810756,0.032963393520620235
0.010813906591510167,0.9867612253942003,0.0024248680142893732
0.9043128262497204,0.06027385464904035,0.03541331910123909
0.9423507043804114,0.055955553918800666,0.0016937417007878363
0.985283903501828,0.013145595538193658,0.001570500959978298
0.9524006505210377,0.04054948613385254,0.007049863345109723
0.989919205219088,0.009164944018119544,0.000915850762792403
0.01145029865224189,0.9845986410332948,0.003951060314463031
0.030099829319045982,0.9677445356877655,0.0021556349931885492
0.06131983365765259,0.9190149913908353,0.019665174951512147
0.14722072518951884,0.006038126669697472,0.8467411481407836
0.05767773179019389,0.0011940511185856346,0.9411282170912203
0.6205425971703451,0.3370579399058717,0.0423994629237831
0.9900186255206549,0.009658197441956456,0.00032317703738846517
0.9847924982251104,0.012107620552766754,0.0030998812221229377
0.9798856631559592,0.013765519116520498,0.006348817727520619
0.9898929650514827,0.007217329555246859,0.0028897053932703635
0.9883971301699771,0.0069810779383599345,0.004621791891663229
0.9700406100422506,0.029606112074773455,0.00035327788297590744
0.9909874945106367,0.008488905418613779,0.000523600070748716
0.9867357174922706,0.012450630862819202,0.0008136516449098052
0.9189417072417121,0.06599150342055778,0.01506678933773009
0.9844411642091907,0.007897177472451082,0.007661658318358426
0.9919553369999331,0.006890375566834769,0.001154287433232368
0.9661189216204262,0.02970926331176533,0.004171815067808579
0.04061956518249277,6.079629488754236e-05,0.9593196385226197
0.9219798598992456,0.061986823784377705,0.016033316316376542
0.9747637467562495,0.02354153233515339,0.0016947209085969761
0.9881874874636017,0.00887684943774656,0.002935663098651544
0.9853067547295512,0.009831631775098468,0.0048616134953499805
0.9924420478082014,0.006958057925924827,0.0005998942658737488
0.9478449061394343,0.04811673604671249,0.004038357813853069
0.9374772266438485,0.016355345380505943,0.04616742797564535
0.08230137035858995,0.0007154408806888328,0.9169831887607213
0.013170008485674895,0.0005114135091147243,0.9863185780052105
0.07379748193143353,0.9090594864865464,0.017143031582019966
0.020176355704786365,0.0020191581389575617,0.9778044861562559
0.3004186312611068,0.0007668468354928297,0.6988145219034005
0.9871013860137902,0.012406799878855828,0.000491814107353928
0.13896356291588657,0.858138973036095,0.002897464048018607
0.9787491482595929,0.010941406463988492,0.010309445276418663
0.9893405514015586,0.007759778900202872,0.0028996696982382265
0.9900632209501083,0.006971782480830077,0.0029649965690615575
0.9923283505033463,0.006959340763526814,0.0007123087331269259
0.9733840399728383,0.024325257759193628,0.002290702267968002
0.07756716451681926,0.0030545641360176846,0.919378271347163
0.9859062298628158,0.009823571782673228,0.004270198354511182
0.9879212865196498,0.011414566393659186,0.0006641470866912947
0.9893170411861568,0.006714972640247064,0.003967986173596077
0.9917450949798492,0.007542596287024055,0.0007123087331269259
0.0055019357611416735,0.9919730333711869,0.0025250308676709925
0.9922267996936646,0.00724236529940268,0.0005308350069328885
0.363143302293428,0.6286999587405044,0.008156738966067752
0.9908754225253195,0.008766761539843897,0.0003578159348365514
0.07558961847189477,0.0007167579870570402,0.9236936235410479
0.5705425953529208,0.37256920073318894,0.05688820391389016
0.06951878177085391,0.0017204949471705533,0.9287607232819757
0.02986921699466281,0.0013964021353415972,0.9687343808699959
0.9889978301822745,0.009946439841778407,0.0010557299759470027
0.9894359481040853,0.010210404911386937,0.0003536469845279444
0.010052195513341413,0.00032728890460996426,0.9896205155820488
0.025461873709658828,0.9587515265772985,0.015786599713042918
0.005322825085064121,0.0003766347975615463,0.9943005401173742
0.9889129738660266,0.010212769884220287,0.0008742562497529653
0.06865382075203455,0.912411203142115,0.018934976105850272
0.04433874695446699,0.0006763667594710899,0.9549848862860617
0.9897824432194671,0.007257875826089334,0.002959680954443617
0.9518641693555615,0.04740354401510691,0.0007322866293315926
0.9843060217896367,0.009985429395647089,0.005708548814716151
0.9888222512655197,0.010642628023758548,0.0005351207107219817
0.0047849900317319385,0.0013680758889194008,0.9938469340793488
0.007962567172979947,0.05183773667325923,0.9401996961537609
0.01901825707588466,0.01681888225137005,0.9641628606727457
0.9689299080920639,0.024857872505578683,0.006212219402357219
0.9917002322477031,0.00812342554365423,0.0001763422086425142
0.9254290798658081,0.06947123613050925,0.005099684003682098
0.007332413853198646,0.008031460211603746,0.984636125935198
0.017118499895042827,0.005612338214929233,0.9772691618900279
0.3009295326638546,0.6922617270257874,0.0068087403103577315
0.9888674052259897,0.010742158006937697,0.0003904367670724874
0.9923506283414162,0.006937062925456874,0.0007123087331269259
0.02019116896922851,0.9378080940072141,0.042000737023557576
0.9924419865173456,0.00720019754781778,0.0003578159348365514
0.010988168859198066,0.9868835766101136,0.0021282545306879484
0.008182692779063094,0.010289607195412425,0.9815277000255247
0.9887300133959062,0.008291046196382709,0.0029789404077110765
0.05114870982594444,0.01887956403129282,0.9299717261427627
0.9821548157752084,0.01652736303111786,0.0013178211936740625
0.013212185332511853,0.9740744638000778,0.01271335086741048
0.010262255849364459,0.0013058045928643416,0.9884319395577711
0.03098000554005634,0.9551513086965904,0.013868685763353612
0.9896859253490194,0.007337430113661185,0.00297664453731932
0.9856587714456627,0.013527576909427264,0.0008136516449098052
0.9712071133593163,0.02517124530281675,0.0036216413378665747
0.9919210536576607,0.006646033049036569,0.0014329132933029
0.8408026616117026,0.14582394882666014,0.013373389561637401
0.01197240653162142,0.02121742314216154,0.966810170326217
0.992585128675744,0.00681497705838233,0.0005998942658737488
0.9902326752323806,0.006659795818430541,0.003107528949188754
0.011921832578296447,0.047981126050427224,0.9400970413712764
0.05097873892369935,0.9385536676260334,0.010467593450267593
0.060026745362809636,0.0010881678422492113,0.9388850867949411
0.017716757993298703,0.9793805671302023,0.0029026748764985535
0.9897649192322064,0.007260934981098872,0.0029741457866946323
0.03276969427997845,0.0014874328498337807,0.9657428728701873
0.9894506035722382,0.010227100758256016,0.0003222956695055108
0.9868033549363685,0.007961987607564183,0.005234657456067296
0.9733878981669658,0.023044429299255466,0.0035676725337787135
0.028140645289072536,0.9408496688304977,0.031009685880429957
0.9522375815493531,0.04692862762870551,0.0008337908219415743
0.9923203025213939,0.007503355269963359,0.0001763422086425142
0.009127695966464072,0.042434047139813795,0.9484382568937222
0.9865269952723658,0.008281289470250393,0.005191715257383928
0.9845222226507844,0.015255792642457305,0.00022198470675801154
0.010700484491560844,0.00043161965721565305,0.9888678958512235
0.9634789513365489,0.028800123651889904,0.0077209250115611175
0.02176332035141892,0.0003386636003768261,0.9778980160482041
0.8424242811639893,0.1332336231028238,0.02434209573318708
0.9760625491620942,0.011786928473933467,0.012150522363971896
0.985906116468134,0.008274717294089906,0.005819166237776084
0.024626123621776946,0.9726062088692263,0.0027676675089965243
0.7702291060838102,0.2049390187006933,0.024831875215496856
0.9848735806356472,0.008511153878594859,0.006615265485758117
0.9866851968874897,0.011744302152531664,0.001570500959978298
0.020596668381518177,0.9502614734103173,0.02914185820816485
0.984919047407799,0.013247424893031426,0.0018335276991697813
0.9895139160458765,0.007145147538204017,0.0033409364159194045
0.025590607914721532,0.03398054711730106,0.9404288449679771
0.9660039921355744,0.03362093561260358,0.0003750722518219109
0.09308304459815017,0.0011728159189495378,0.9057441394828999
0.04140110598223636,0.0006289091201960019,0.9579699848975679
0.9578430946032698,0.04083231873260458,0.0013245866641254664
0.982558548234467,0.014946138234977953,0.002495313530555127
0.9875112577884019,0.008339720702206083,0.00414902150939164
0.9926713140375858,0.006616377229287196,0.0007123087331269259
0.012709784210484737,0.015845990660680435,0.971444225128835
0.9886277778609827,0.008395577601697929,0.00297664453731932
0.9533692665498866,0.0388510305897517,0.00777970286036169
0.9873453700129328,0.008579235756551716,0.004075394230515518
0.9915708932728581,0.008252764518499468,0.0001763422086425142
0.9876453088924321,0.010784190147589618,0.001570500959978298
0.013775626228823728,0.9731127396645473,0.013111634106629206
0.027653023002739762,0.012197552223033951,0.9601494247742269
0.9887547321765819,0.010922090786029319,0.00032317703738846517
0.9847832389676241,0.00883402669971667,0.006382734332658997
0.9898704657524933,0.0071626864206500405,0.002966847826856746
0.9846288336716913,0.013997117524470583,0.0013740488038378588
0.9821377362900284,0.01253908667258304,0.005323177037388466
0.9893820871852955,0.009804261169794385,0.0008136516449098052
0.015839328390472484,0.003336300567103374,0.980824371042424
0.9847122906531944,0.014556587406263966,0.0007311219405416261
0.01062489717053337,0.0036030546789220497,0.9857720481505445
0.8893044153414819,0.09450883357408751,0.016186751084430545
0.19188587267583412,0.7914110923547207,0.016703034969445103
0.9905069915301518,0.008593836503673978,0.0008991719661735526
0.9877525812070208,0.008205376638601764,0.004042042154377345
0.25511850682534515,0.7338711559853859,0.011010337189269012
0.9704102065957028,0.027569351114903915,0.002020442289393351
0.9849656638094266,0.009024942807636794,0.0060093933829364
0.9856549061410846,0.01412125034055256,0.00022384351836255353
0.026650855014007803,0.9670529277313881,0.006296217254604189
0.03598601706527591,0.00625818705580331,0.9577557958789207
0.11323254881126353,0.8834333183067338,0.0033341328820030063
0.9887641186565921,0.009497408099928672,0.0017384732434789656
0.9829034524034833,0.011424168701495,0.005672378895021416
0.009951455712358054,0.006390879047318453,0.9836576652403234
0.9912503005197943,0.008460942804309481,0.0002887566758956911
0.019604867903671507,0.03694146074926466,0.9434536713470639
0.0052662228629634465,0.0005790712643967516,0.9941547058726397
0.02369076624980336,0.9735846572113435,0.00272457653885281
0.6845096111466796,0.2704148946262045,0.04507549422711571
0.9856628990008778,0.00954859780045603,0.004788503198665971
0.005871238237236676,0.990684969878843,0.00344379188392024
0.8836892070194456,0.11239209302706618,0.003918699953488445
0.9862966447209416,0.009464065793026022,0.004239289486032676
0.026269369182805563,0.925145491441618,0.0485851393755771
0.9874181372301873,0.01194968485109688,0.0006321779187157679
0.014371428686090109,0.00024254544002777782,0.9853860258738818
0.9923112897131329,0.007088816020993521,0.0005998942658737488
0.9477672322599814,0.04552042333501391,0.006712344405004327
0.9909744476551547,0.007834717382579341,0.0011908349622657027
0.9829615047990863,0.015055028361645947,0.001983466839267691
0.9905107323166039,0.006526212010515864,0.002963055672880245
0.9919611971985388,0.007862460592818466,0.0001763422086425142
0.8698268746815121,0.11892048260521422,0.011252642713273775
0.97484913887162,0.02149423686219866,0.003656624266180955
0.010250106031310005,0.011266619896525555,0.9784832740721644
0.025971280780696934,0.030749829121408986,0.9432788900978941
0.9782777968986719,0.015391303493819015,0.006330899607509171
0.6667294923154676,0.275251072121552,0.058019435562980205
0.025109938464613832,0.9729752348334104,0.0019148267019760206
0.98980933736215,0.007221686535106606,0.0029689761027432145
0.14873158832834407,0.826161868795259,0.025106542876396847
0.9930545893091873,0.006587594755975995,0.0003578159348365514
0.05225559116400205,0.00012489597660832234,0.9476195128593896
0.9903117187116188,0.007425310522367072,0.002262970766014078
0.035215209933450974,0.004304660059575654,0.9604801300069735
0.9843478502125882,0.012689437211386273,0.002962712576025313
0.06827705726554745,0.0011129452714475538,0.930609997463005
0.003888404733642139,0.012194841164350358,0.9839167541020076
0.9754255561744329,0.012582408268918845,0.011992035556648201
0.9865864159193991,0.00817677474385982,0.005236809336741215
0.06483103297580294,0.017240620238781326,0.9179283467854156
0.3689468046663912,0.00028811222159846027,0.6307650831120104
0.008924062691831741,0.00929202228387318,0.9817839150242951
0.513160136241223,0.08987807260387576,0.39696179115490127
0.9912732600587708,0.008550397732586434,0.0001763422086425142
0.9789122012479404,0.02018589699420335,0.0009019017578562535
0.9580701285423727,0.0247555606776232,0.01717431078000414
0.9039038857586406,0.0928093204020311,0.0032867938393282715
0.029342409229755836,0.0011213333974718627,0.9695362573727725
0.9576190092202183,0.04041040884105401,0.001970581938727751
0.003991617316367053,0.004507688828166674,0.9915006938554665
0.9875890817589776,0.010986617638631423,0.001424300602390963
0.9893191158371271,0.010319426567438894,0.00036145759543378385
0.9918039591320782,0.007838224933085312,0.0003578159348365514
0.013441972297510128,0.00014775363592462706,0.9864102740665657
0.7662773891924283,0.20004455748228164,0.03367805332529018
0.9821316190251755,0.01092181601913675,0.006946564955687469
0.040440398388252384,0.0016099095568507845,0.9579496920548967
0.9821386415534354,0.014672913917151243,0.0031884445294131907
0.009718717644178488,0.03849894069312679,0.9517823416626949
0.9643948304548803,0.018196218799618816,0.01740895074550058
0.012705575306128323,0.00030836727412353706,0.9869860574197483
0.008790855506232325,0.010150609120111655,0.981058535373656
0.9718357298930971,0.026628500044730847,0.0015357700621720042
0.03988319188029307,0.0012000984445956354,0.9589167096751109
0.013544208531537084,0.04956779387957594,0.936887997588887
0.026230380561081998,0.03009071505295412,0.943678904385964
0.9907480878461776,0.008362298644810019,0.0008896135090123561
0.9822440882366428,0.009472383343982718,0.00828352841937456
0.9568188012476223,0.03620928046372936,0.006971918288648641
0.9598095104600043,0.03112060910842128,0.009069880431574672
0.980262146634855,0.01017340223059565,0.009564451134549259
0.005242767959003354,0.0072457000934815306,0.9875115319475151
0.9919543516562435,0.00775689166786049,0.0002887566758956911
0.02663098571418042,0.9332560132480846,0.04011300103773511
0.01243221913365937,0.0501982761417361,0.9373695047246048
0.9908583712233638,0.008959862058403373,0.00018176671823243686
0.22309383264225396,0.7086153403070382,0.0682908270507077
0.979851650731014,0.011139631726944274,0.009008717542041881
0.975838885809774,0.011348640950773516,0.012812473239452577
0.07168655460391091,0.9256507624492585,0.002662682946830504
0.9804429007098286,0.010162780380900502,0.009394318909271107
0.03233499725583136,0.9230412986471609,0.044623704097007805
0.9900846723507389,0.009557511714424807,0.0003578159348365514
0.9555481941819298,0.04363815417316037,0.0008136516449098052
0.9903219200116341,0.009501737779723494,0.0001763422086425142
0.9924599982613792,0.00694010747274701,0.0005998942658737488
0.9540321013322624,0.031845365136676025,0.014122533531061646
0.9907193519582114,0.009104305833146075,0.0001763422086425142
0.0642806659017037,0.0003170983142354978,0.9354022357840602
0.9582744660833014,0.028244554725349164,0.013480979191349218
0.9899388325988112,0.007106352190738246,0.0029548152104504704
0.9850258192265947,0.008629493748504486,0.006344687024900505
0.9565347135711687,0.04142270194758774,0.0020425844812438343
0.011644104427070255,0.9672172514815226,0.021138644091407362
0.9758571491145883,0.013615880147458535,0.010526970737953318
0.9888205608357176,0.010821623229445862,0.0003578159348365514
0.9878829683756625,0.007450549069154021,0.004666482555183588
0.9849073015834882,0.008709964083852674,0.006382734332658997
0.9848822924864811,0.014727270746446612,0.0003904367670724874
0.9915168007379478,0.008194442586156267,0.0002887566758956911
0.059786173178553684,0.9102737421707539,0.029940084650692426
0.9846530043273084,0.008964509013808103,0.006382486658883466
0.9537158753797204,0.04401097717235095,0.0022731474479286175
0.9891272004131781,0.010240621668105862,0.0006321779187157679
0.008958532209883012,0.010297086317305222,0.9807443814728118
0.03136097889522784,0.9391787337420436,0.029460287362728713
0.991358800900894,0.008250762332033505,0.0003904367670724874
0.9812697671044421,0.01617429817802341,0.0025559347175341533
0.03170531250245398,0.9510552152869145,0.017239472210631598
0.985794304036999,0.01376500445875173,0.0004406915042490575
0.0028875442882147838,0.00017888823042440494,0.9969335674813609
0.053089212995152665,0.0010808423434676639,0.9458299446613799
0.11547616945102357,0.0192237606085569,0.8653000699404193
0.9874415999003808,0.007951139574986981,0.004607260524632267
0.032521971761055625,0.0010452533413895075,0.9664327748975546
0.02255954882941983,0.9726199214857385,0.004820529684841643
0.9898501803486195,0.007188098242568024,0.0029617214088126453
0.9932067434829436,0.006616914308414031,0.0001763422086425142
0.07172250385783521,0.9190815702030433,0.009195925939121415
0.9308274938500248,0.06458889754687738,0.004583608603097702
0.9758203502667319,0.01629398917087908,0.007885660562389454
0.37108308210999574,0.6260020252287111,0.002914892661293358
0.9902106671654071,0.006909380885877895,0.0028799519487151077
0.013270790078440462,0.0009297463094569143,0.9857994636121026
0.9742871234126218,0.02481002850919547,0.0009028480781829067
0.17700041279013448,0.818200985659553,0.004798601550312623
0.011514321021532894,0.05011942437740815,0.9383662546010594
0.9875391143460548,0.009510183061900266,0.002950702592044647
0.09441243649812481,0.858592490670873,0.046995072831002266
0.06693270189281654,0.029396134042647147,0.9036711640645363
0.8485441167522765,0.1473651706070621,0.004090712640661761
0.9838536387477252,0.015122625573751514,0.0010237356785232506
0.9746361281217003,0.019843271068951226,0.005520600809348023
0.017321963824446868,0.9535113785122715,0.029166657663281605
0.062127605426709885,0.0038394365526683615,0.934032958020622
0.012080878800330366,0.9848842629245954,0.0030348582750738835
0.9817682436282407,0.010121040010558508,0.008110716361200898
0.20905034998928582,0.7768536797432819,0.014095970267432431
0.003738234052805834,0.0009082116458741955,0.99535355430132
0.8506826381638084,0.104817646264469,0.04449971557172267
0.052353770181561635,0.0028748141527275926,0.9447714156657107
0.973851729547175,0.013435912992135873,0.012712357460688892
0.015438334346904599,0.05551959233045361,0.9290420733226419
0.9290417154482953,0.0696446148528491,0.0013136696988552713
0.9323429050609231,0.06306609782161872,0.004590997117458033
0.016099437042975295,0.020259002385354708,0.9636415605716699
0.013928399684743045,0.04513849083898944,0.9409331094762675
0.9888867706047225,0.009882744446145019,0.0012304849491325777
0.9693339170917891,0.01259054097509275,0.01807554193311816
0.9925232495996776,0.00730040819167972,0.0001763422086425142
0.04051416746694242,0.9458467552053287,0.013639077327728882
0.9588965114548355,0.03955793156898071,0.0015455569761836918
0.887158119651676,0.0923423230977202,0.02049955725060382
0.9554789672703075,0.0432162038752644,0.0013048288544279434
0.992421620634285,0.006978485099841375,0.0005998942658737488
0.042117371481305205,0.9559809191169859,0.001901709401709402
0.168365539403021,0.07563866009625281,0.755995800500726
0.9903511602599434,0.00835686971426597,0.0012919700257904747
0.02407896848201079,0.00010701618031514733,0.9758140153376741
0.010926182643425037,0.9518846381710779,0.037189179185497086
0.09445802916881735,0.0035639240081415703,0.9019780468230408
0.032810118033273966,0.9654293871558228,0.0017604948109032634
0.7515841410637732,0.19165419405861253,0.05676166487761435
0.013196905209371461,0.9844985317199955,0.0023045630706328524
0.9754287427467873,0.01890927807953412,0.005661979173678604
0.009261400774974787,0.0011738943348969582,0.9895647048901285
0.7012679472807904,0.24335100067228738,0.05538105204692224
0.9595010880826806,0.033659185984916504,0.006839725932403271
0.9903704864088972,0.007301911971030274,0.0023276016200723657
0.765679675467694,0.20134836808924672,0.0329719564430594
0.9882526933901029,0.007668846508436349,0.004078460101460763
0.06898634969759891,0.9031627154321409,0.027850934870260188
0.010656126150166532,0.9779812247707272,0.01136264907910659
0.03904954858754816,0.00019976647665511993,0.9607506849357971
0.9912258755879564,0.008597782203400827,0.0001763422086425142
0.9475077255130796,0.05009460776248714,0.0023976667244330714
0.9680925742425796,0.027605112377311128,0.004302313380109425
0.9543280416858347,0.04377548604324153,0.0018964722709234607
0.954506455719863,0.029734793796748763,0.015758750483388154
0.022194321948239143,0.021199344450677136,0.9566063336010838
0.9667251572260652,0.025192600617135838,0.008082242156799237
0.015371894348720409,0.9744843295868049,0.010143776064474952
0.9926054551410276,0.00679465059309867,0.0005998942658737488
0.01384699204086328,0.9675156081503979,0.018637399808738613
0.9908578361337799,0.0065209503021534995,0.0026212135640664522
0.540689049461625,0.3991231841850025,0.06018776635337238
0.7487541758627632,0.23047020421343764,0.020775619923799282
0.9681766791371514,0.02658556138203745,0.00523775948081093
0.991666911422881,0.008154963519483405,0.0001781250576352045
0.07584757200145807,0.0010370507218651981,0.9231153772766767
0.04675639290773715,0.9489338646286953,0.004309742463567337
0.011981779524172407,0.0017790354292608846,0.9862391850465666
0.9890876404295345,0.009523332336681102,0.001389027233784261
0.9500832664827503,0.04807314693960416,0.0018435865776453538
0.04847559577025295,0.0017425480596268196,0.9497818561701199
0.9872007510154742,0.011228748024547423,0.001570500959978298
0.02180221233885615,0.9758932245905111,0.0023045630706328524
0.9866632057520771,0.012523142603013232,0.0008136516449098052
0.9660354747243844,0.02792010454800868,0.006044420727606842
0.9789778342021471,0.012598394448642034,0.008423771349210863
0.9899563730662567,0.009865501876107763,0.0001781250576352045
0.7008363325796926,0.24193773063609914,0.0572259367842081
0.9738112769972073,0.02109275990370355,0.005095963099088847
0.9909947162842618,0.007420305968315167,0.001584977747422952
0.09061655788680918,0.008481060381510043,0.9009023817316806
0.9879158569586782,0.010513642081343599,0.001570500959978298
0.031755170535113814,0.9654038446142685,0.002840984850617664
0.956267543657912,0.03872172407080818,0.005010732271279857
0.9885840036861907,0.011058180378972538,0.0003578159348365514
0.9584448567713324,0.02735364526700945,0.014201497961657787
0.9913268853538324,0.007928185080804834,0.0007449295653628616
0.009942112847205928,0.043877666879089026,0.9461802202737052
0.9610563131113335,0.03319423427422144,0.005749452614445094
0.05564520942396664,0.9377602022099986,0.006594588366034877
0.10972665219050964,0.8650916941113413,0.025181653698148527
0.07948963125592425,0.8993193038577013,0.02119106488637444
0.9819939860289242,0.014037118039595129,0.0039688959314803755
0.9790148583679167,0.010520253195661345,0.010464888436421817
0.050802014928927906,0.005709356504691481,0.9434886285663805
0.9920218839300503,0.007543405933190735,0.0004347101367586878
0.06062830639352908,0.9380036365198084,0.001368057086662397
0.9892584002417841,0.010383783823379629,0.0003578159348365514
0.9875556659920908,0.010935318124589186,0.0015090158833204013
0.9372943844070547,0.049452157346843,0.013253458246102507
0.985750031522279,0.00866302695213403,0.005586941525586692
0.013245542740210196,0.035133889025906445,0.9516205682338833
0.0031730805306564337,0.00031638792603847746,0.9965105315433054
0.9883639791959342,0.007483933423728659,0.004152087380336886
0.9489706951329245,0.01789771666018825,0.03313158820688735
0.9917400392437501,0.008083618547607023,0.0001763422086425142
0.8501711260389563,0.12779885529060897,0.022030018670435223
0.9916090299937548,0.008068674336739471,0.0003222956695055108
0.06511745247553306,0.033141955156652386,0.9017405923678141
0.004943373124953239,0.0005973542322636823,0.994459272642783
0.012541410892555704,0.983508412344669,0.003950176762775258
0.9814794618120399,0.0165987279537437,0.001921810234216429
0.9561447178898019,0.03343023994487249,0.010425042165325343
0.6057639576126893,0.38434161277499357,0.009894429612317233
0.011782885694841632,0.00034664357841558837,0.9878704707267429
0.027696977537921375,0.0016877387074799377,0.9706152837545983
0.983252436271719,0.015883256541576154,0.0008643071867042582
0.9889718700708977,0.007670531803693168,0.003357598125409271
0.9772377366251008,0.01719632092070693,0.005565942454192043
0.02983178960042338,0.9488972940649154,0.021270916334661355
0.02725211226056999,0.9538681415796062,0.01887974615982414
0.9915446310682904,0.008097552996873026,0.0003578159348365514
0.011741990368239278,0.0019514920487968901,0.9863065175829638
0.017150887416299145,0.012695536357872642,0.9701535762258282
0.9860462882304821,0.008503806081864126,0.00544990568765367
0.01218860676225876,0.9697478386350425,0.018063554602698664
0.05379860236387692,0.003303488143272407,0.9428979094928508
0.9399621433209637,0.05550323322992021,0.004534623449116306
0.10162351261771145,0.05145041855907026,0.8469260688232181
0.8418339271822417,0.12443047417336507,0.03373559864439334
0.9862980648363204,0.007872655122130838,0.0058292800415488556
0.9904292681864756,0.00924843614401846,0.0003222956695055108
0.9665205119259379,0.015269744356111803,0.018209743717950352
0.9819470333952318,0.008071203997302358,0.009981762607466247
0.045043668258732635,0.9278606634631831,0.027095668278084566
0.9780034033747497,0.010105123319677804,0.011891473305572602
0.9892153699884386,0.008460470233028351,0.002324159778532943
0.49076552200307283,0.42949114484023587,0.07974333315669135
0.9912720402171107,0.007821734365161205,0.0009062254177284921
0.9547589967210622,0.016917872909365205,0.028323130369572486
0.004270727771575511,0.012150646858412656,0.9835786253700118
0.020000868531343016,0.9758563392810558,0.004142792187600811
0.049180002960412306,0.005422253827271199,0.9453977432123167
0.015921759009216472,0.05740390123417371,0.9266743397566102
0.024216037761411922,0.001193942823812398,0.9745900194147759
0.9825268955190727,0.007316708715065218,0.010156395765862272
0.9916801116576905,0.008143546133666522,0.0001763422086425142
0.1618344804570526,0.07430989626914819,0.7638556232737992
0.025919018737440694,0.9282975896795687,0.045783391582990586
0.9729235081983113,0.026744867773974085,0.00033162402771446607
0.007613989809573308,0.0012630033619947254,0.9911230068284318
0.9891493867680764,0.009946016756159892,0.0009045964757634752
0.9877705623940861,0.009254890472529712,0.002974547133383883
0.06024031047815421,0.002557185831891317,0.9372025036899546
0.025022269429484108,0.007949509985372201,0.9670282205851441
0.987620952972804,0.011087077001405321,0.0012919700257904747
0.03278366465213944,0.001745565952951749,0.9654707693949085
0.9652675897585845,0.024091709204345002,0.010640701037070686
0.9898426976462639,0.00998096014509331,0.0001763422086425142
0.1970012452442221,0.7984590058018032,0.004539748953974895
0.020921853627363228,0.04551666606061125,0.9335614803120253
0.9889418455276361,0.009831272173293232,0.0012268822990703808
0.03910787988845861,0.9507307431643871,0.010161376947154483
0.3447224650691831,0.6528415536313413,0.0024359812994754677
0.023634688750276543,0.057772514039355835,0.9185927972103677
0.9556409391633768,0.0427817715526914,0.001577289283931383
0.8851812626846531,0.0987420224298527,0.01607671488549421
0.014765105090990018,0.004597326122875119,0.9806375687861347
0.00339956086694106,0.0003116075920825657,0.9962888315409767
0.9439410556194668,0.05438072318253088,0.0016782211980020548
0.9870705037871965,0.010859273483233275,0.002070222729570191
0.06187999002320858,0.9181350164309267,0.019984993545864967
0.7277111908455325,0.18192359894088497,0.09036521021358249
0.04516935134154679,0.004277551893430815,0.9505530967650224
0.061503009573505345,0.049475283117626584,0.889021707308868
0.8092276349360396,0.18872809628836806,0.0020442687755923518
0.0035246421748124897,0.002430137582050889,0.9940452202431369
0.9881728627401823,0.008087804981462226,0.0037393322783553324
0.011826814372494578,0.01358121966831921,0.9745919659591863
0.989107737183037,0.009801259472409191,0.0010910033445537045
0.026951345366634363,0.9599641490482184,0.013084505585147283
0.02348663973654646,0.0006297707979950068,0.9758835894654584
0.9897774530710965,0.010040780210670588,0.00018176671823243686
0.01971786687132489,0.009733133368245073,0.9705489997604302
0.010241581931891347,0.987027995965138,0.0027304221029705988
0.9691163825084976,0.007859414363259876,0.02302420312824275
0.011787617908145557,0.026115720914020417,0.9620966611778339
0.011118416651132921,0.030733977739564423,0.9581476056093026
0.9559466003260852,0.03863995168542422,0.005413447988490594
0.9909088771714275,0.008733306893736059,0.0003578159348365514
0.01919948473114529,0.008836049939815472,0.9719644653290392
0.9893328976641611,0.007342207162504396,0.0033248951733344484
0.9893174690194116,0.009293503746803952,0.001389027233784261
0.057376795913761616,0.03281542936745072,0.9098077747187879
0.09381488137435708,0.0645145137413837,0.8416706048842593
0.007476876593415402,0.004212186498620456,0.9883109369079643
0.01848675897559908,0.035501132781105456,0.9460121082432953
0.0307602498564429,0.9527019709763905,0.016537779167166245
0.9904170399056323,0.008983065828494015,0.0005998942658737488
0.10384866807016632,0.870582849912304,0.025568482017529787
0.9350132752897732,0.029124290530819042,0.035862434179408036
0.8017981197600268,0.15075985493900845,0.047442025300964724
0.989350517521681,0.010473140269676582,0.0001763422086425142
0.9907041871589886,0.007136560434566864,0.0021592524064443256
0.9816899329577761,0.01065825551551036,0.007651811526713672
0.9885833044752671,0.010730353766202851,0.0006863417585298401
0.99015272634183,0.009670931449527354,0.0001763422086425142
0.965408018156857,0.027144876633414652,0.007447105209728835
0.015094335826934419,0.0005624084614190879,0.9843432557116468
0.02018780250768375,0.04709941899625822,0.932712778496058
0.9733086767422644,0.021460943124830753,0.005230380132904511
0.9655332146096037,0.029761388305719033,0.004705397084676917
0.012719227829380455,0.047530395253609664,0.9397503769170098
0.04212703985739554,6.440091322473269e-05,0.9578085592293799
0.029710579555134797,0.0004939177299761422,0.9697955027148892
0.007163019016324419,0.00016683480888612064,0.9926701461747893
0.987953524993012,0.007436715731731181,0.004609759275256954
0.9551534129840075,0.04294645701904867,0.0019001299969439527
0.9886507519118735,0.0075991107908087545,0.0037501372973177114
0.02758834322810553,0.9687039912629786,0.0037076655089159443
0.9512528281927092,0.037072487986188736,0.011674683821101907
0.9612372560153948,0.03323127270358273,0.005531471281022076
0.9904656107786208,0.009176573286542847,0.0003578159348365514
0.9883299003953513,0.011134978893926456,0.0005351207107219817
0.029332312813688696,0.9594991392572332,0.011168547929078107
0.02553799949918748,0.9702418840593361,0.004220116441476286
0.9845375128428645,0.01074364513039336,0.004718842026742067
0.09204617409124737,0.8729475280163616,0.03500629789239084
0.9763287528060062,0.010240582901796483,0.01343066429219666
0.8202367300251641,0.17721756744945175,0.0025457025253840544
0.04928571749303269,0.0004629350541019019,0.9502513474528653
0.9925410803861098,0.006746610880763122,0.0007123087331269259
0.988899027276227,0.007347560266206223,0.0037534124575666237
0.9890719303911397,0.010570253674023833,0.0003578159348365514
0.018064615777543966,0.01680778799264708,0.9651275962298088
0.01925386675304935,0.9574344807607428,0.02331165248620818
0.9928806764835008,0.006761507581662378,0.0003578159348365514
0.9912738021834648,0.008549855607892658,0.0001763422086425142
0.9906339349552798,0.008239761384095136,0.001126303660625144
0.9789331565415553,0.016547402889449062,0.004519440568995215
0.010774379227920461,0.0027482585790135007,0.9864773621930659
0.9030401841080841,0.06220461012047806,0.034755205771437946
0.08037621149241496,0.0577319292403652,0.8618918592672198
0.04671712068977546,0.9412225268347342,0.012060352475490522
0.9842470700899671,0.010943756444314532,0.004809173465718381
0.028695558793884482,0.9613569907770823,0.009947450429033167
0.9366090110693258,0.04373567941080178,0.019655309519872148
0.9886706378635799,0.009441434165026442,0.001887927971393821
0.9843503194263848,0.0098311250107209,0.00581855556289405
0.9830826883985893,0.010903908545888347,0.006013403055521925
0.9236260966620415,0.06624673539098173,0.010127167946976599
0.02479990611804755,0.03544335518342413,0.9397567386985282
0.015781499405277614,0.0012649686535062472,0.982953531941216
0.989964533710943,0.009859124080414559,0.0001763422086425142
0.935932088282724,0.06180860663126661,0.002259305086009497
