0,1,2
0.4473099324279289,0.46971735171957224,0.08297271585248372
0.5957727133095978,0.2023384395861911,0.2018888471041755
0.6182493536026692,0.14550590612517866,0.23624474027215933
0.6477935111936636,0.05813600298757695,0.29407048581870454
0.6393760045807254,0.08226636791519366,0.2783576275040392
0.6419908341858584,0.0743085786533742,0.2837005871608145
0.5639615708285461,0.2707067831049948,0.16533164606651465
0.5873711917648339,0.2214723910588843,0.19115641717624304
0.5796929979644727,0.23821392666362207,0.18209307537191555
0.5395151572751568,0.31749757553705876,0.14298726718784044
0.6365932261830982,0.0909212212678857,0.2724855525490559
0.4567534170511295,0.45536906860928106,0.08787751433957913
0.6106383112148352,0.16584859084771844,0.22351309793747634
0.5513368717490723,0.2953549876948744,0.1533081405560762
0.5962428455240117,0.20123945203551255,0.2025177024404328
0.5341624402709714,0.32726306455281445,0.1385744951762632
0.6471949409576568,0.05967089444606776,0.2931341645962229
0.5641511144345742,0.2703278478759906,0.1655210376894726
0.6106391989077226,0.16584629153920216,0.22351450955307073
0.5612245353363513,0.27614789531233835,0.16262756935127937
0.6137918190823483,0.1575760626326253,0.22863211828503044
0.5380348667693324,0.3202135465690191,0.14175158666163576
0.63713691515527,0.08922341671479878,0.27363966812991725
0.6276769679126696,0.11837837742686778,0.25394465466050553
0.5311290511440636,0.3327310040454601,0.1361399448105057
0.6228260920822508,0.13261623636073713,0.24455767155706262
0.6275055497166288,0.11889149779099213,0.2536029524924117
0.5428971045577456,0.31124692596856135,0.14585596947367124
0.6263082880336959,0.12245536078768204,0.2512363511785907
0.6268081085757865,0.12097184338233832,0.2522200480418786
0.6401761753876495,0.07980542901973446,0.2800183955926076
0.4176046375547072,0.5134867777104367,0.06890858473483924
0.6497104428946479,0.05347058656736077,0.2968189705380067
0.6371067669052425,0.08931751758914558,0.2735757155056057
0.6339524459410075,0.09916535321809708,0.26688220084087305
0.649818210071922,0.0532200054506335,0.2969617844774842
0.5194589357792424,0.3533542330226654,0.12718683119806998
0.6423264109434439,0.07330839254210723,0.28436519651450193
0.6281979204583263,0.11681464962470206,0.25498742991692225
0.6185463420357802,0.14468515724797465,0.23676850071629998
0.6507631165166012,0.05107747354771545,0.2981594099357237
0.5587622851598674,0.2809949452895221,0.16024276955057973
0.4272580070169815,0.49947721280917845,0.07326478017381444
0.6267968512799706,0.1210053241967217,0.25219782452329487
0.6238628199303997,0.1296232934475143,0.24651388662206014
0.6521458378307532,0.04811968631927079,0.29973447584995305
0.5638773747012085,0.27087501807643205,0.16524760722241058
0.5551538307826208,0.2880201632831417,0.15682600593420348
0.6464500474262314,0.061629927967763565,0.29192002460603944
0.6108984805833029,0.16517400650855418,0.22392751290819174
0.5932215554122389,0.2082475164982472,0.19853092808947914
0.5179620286377457,0.35595484981741105,0.12608312154482557
0.4999067887379377,0.38660339599961685,0.11348981526241016
0.6513766544641728,0.049739025063361766,0.29888432047250013
0.6512539340439154,0.050003416351832364,0.29874264960423186
0.533901467215184,0.32773533037729824,0.13836320240757013
0.6388574982508586,0.0838698076779532,0.2772726940712084
0.6371675175806453,0.08912790478881415,0.27370457763057665
0.6459526598117517,0.0629669222070335,0.29108041798124534
0.6139773256814348,0.15708276105867647,0.22893991325989102
0.6432966815406442,0.07045193967405215,0.28625137878535
0.6341117044016876,0.09866934604432796,0.26721894955399206
0.6249698954239623,0.12639707771150918,0.2486330268645337
0.6240538868285916,0.12906871524444094,0.24687739792696248
0.5011953575562806,0.38445755786943053,0.11434708457423677
0.6402398891500352,0.07961029748315934,0.280149813366763
0.6494032052775954,0.05419192140893507,0.2964048733134985
0.5662158249707222,0.2661817228032649,0.16760245222600736
0.5943471746182646,0.20565151361849998,0.20000131176318053
0.5207639973243802,0.3510789298173467,0.1281570728582726
0.6157250285164808,0.15239748667479217,0.23187748480870674
0.6446861041468678,0.0664683961143403,0.2888454997388033
0.6194992799997289,0.1420371849391066,0.23846353506119197
0.5404528444021198,0.3157709259420733,0.14377622965583775
0.647373874140355,0.05920831698365338,0.29341780887600805
0.6182609050981619,0.14547402249250918,0.23626507240933958
0.6471957530728345,0.05966878784109612,0.2931354590860909
0.5398089920384138,0.31695703366557615,0.14323397429605578
0.506976361821274,0.37475475556795845,0.11826888261079403
0.6380225760460172,0.08646270690204422,0.2755147170519922
0.6209332436419098,0.13801044526387687,0.2410563110942071
0.6445306962850507,0.06690699323777309,0.28856231047720876
0.5736164093369474,0.2510290288577157,0.17535456180534456
0.6151612816493265,0.15391632290287924,0.23092239544778118
0.5862308143955435,0.2240008999681544,0.1897682856362536
0.5719671683997274,0.25444711985163615,0.1735857117486125
0.6177256250134895,0.14694810110983245,0.2353262738767285
0.6494162037596967,0.054161195804297894,0.29642260043602625
0.4564591339094725,0.4558196140519849,0.08772125203856632
0.5046631574297934,0.3786523128983369,0.11668452967190393
0.6492756932020108,0.054494301864902985,0.2962300049330313
0.5960673535248036,0.2016500583804826,0.20228258809473132
0.5510663083394277,0.2958712924239757,0.1530623992365702
0.6004621917941365,0.19122824168036037,0.20830956652547328
0.5405771493137153,0.3155416656646855,0.1438811850216029
0.5880470990992182,0.2199664098030541,0.19198649109768612
0.49128022764653084,0.4008177979567931,0.10790197439667348
0.6390820261790657,0.08317473376807671,0.27774324005288653
0.633885920506751,0.09937246923109148,0.26674161026219617
0.6481365679441354,0.05727266609044385,0.294590765965427
0.6532409166278808,0.04592582641474394,0.30083325695737984
0.6520020850876105,0.048417380946066485,0.2995805339663015
0.6204552006712637,0.13935851986097195,0.24018627946772583
0.5216463497630414,0.3495363273041045,0.12881732293288267
0.6528431795039692,0.04670761364072137,0.3004492068552992
0.6240867873466407,0.12897312661320628,0.24694008604019876
0.5565508143910962,0.28531117699235287,0.15813800861657948
0.5450928032036417,0.3071537464369514,0.1477534503594446
0.5223487577445857,0.3483058310479978,0.12934541120745377
0.5582512039132473,0.28199552309107145,0.1597532729956288
0.5545141979267695,0.28925607239879464,0.15622972967449084
0.5076780360241777,0.37356843250040295,0.11875353147545553
0.6493332007061963,0.05435771165313135,0.2963090876406699
0.6183906875428866,0.1451155850695402,0.23649372738759752
0.6485682245753637,0.05620368751288589,0.2952280879118
0.6520809509002092,0.048253778699980376,0.2996652703998208
0.6184550447298681,0.1449376905853658,0.23660726468472942
0.4430006329172479,0.4761917547102339,0.0808076123725561
0.5558880191749457,0.28659812068153906,0.15751386014353458
0.4916727851832165,0.40017652356934574,0.10815069124744314
0.6265688118630471,0.12168287242591924,0.2517483157110043
0.6479010772786366,0.057864003425734285,0.29423491929561696
0.5861640275338081,0.22414850897488783,0.18968746349128357
0.5586484916381401,0.2812178881838089,0.1601336201780735
0.518709225159456,0.35465793977405735,0.12663283506643966
0.6209306368886917,0.1380178117502531,0.24105155136108886
0.4304798274782364,0.49475704601294374,0.07476312650880225
0.6473482595171276,0.05927434168345837,0.2933773987994121
0.5539251876070294,0.2903917290398447,0.15568308335308897
0.6159742929297372,0.1517236036584771,0.2323021034118044
0.6279778113456975,0.11747613265457806,0.25454605599966923
0.6486326992791679,0.05604569710626036,0.295321603614622
0.6413395326271721,0.07626558781175502,0.28239487956109716
0.6388727160612313,0.08382266435175216,0.27730461958696634
0.5991177816994679,0.19444778011051222,0.20643443819006924
0.6197607287246768,0.14130680022938832,0.2389324710459096
0.6068530945818762,0.17551073633143574,0.21763616908670877
0.6501834340808286,0.05238023672348312,0.2974363291957218
0.6395766698718021,0.08164754663889243,0.27877578348927534
0.5917459407815013,0.21162472396790646,0.19662933525058637
0.5505200454600881,0.2969122736776608,0.15256768086230527
0.6458181595760447,0.06333228681491361,0.2908495536090072
0.54298971947311,0.31107484004320934,0.14593544048372661
0.6298468623238074,0.11182367496273284,0.2583294627134963
0.6498959724030459,0.053039980064058787,0.2970640475329319
0.6513637522721472,0.0497667435841425,0.2988695041437425
0.625456929650139,0.12496792698657315,0.24957514336323486
0.6379923775841069,0.08655669415476562,0.27545092826113
0.636157951913933,0.09228126128704894,0.27156078679904305
0.6463863463381916,0.06179989485299443,0.2918137588088101
0.6412574768100345,0.0765135161122878,0.28222900707769616
0.6257474743505168,0.12411250332613923,0.2501400223233443
0.567610086817039,0.2633625131214025,0.16902740006154762
0.6397323547635968,0.08116817143735508,0.2790994737991012
0.5907061796826606,0.2139871645594642,0.195306655757845
0.5371204259973458,0.3218853940016199,0.14099418000098163
0.6517805006322086,0.04888070082015257,0.29933879854764567
0.6449380843096738,0.0657612522736474,0.2893006634166637
0.6478754735768623,0.05792863973167844,0.2941958866914476
0.6138344558493742,0.15746274953065786,0.22870279461995957
0.5071230947137904,0.37450683124774714,0.1183700740384526
0.4474000429212797,0.4695814881034523,0.08301846897524501
0.6511370610268956,0.05025675604164079,0.29860618293147956
0.5716054372305419,0.2551935522151918,0.17320101055431875
0.6532409279942715,0.04592580431607677,0.3008332676896195
0.6066908366864501,0.1759187516456668,0.2173904116679389
0.5070836427445174,0.3745734986559524,0.11834285859948836
0.5932022012211356,0.20829200121116984,0.19850579756766873
0.5550943870357973,0.2881351383542225,0.15677047460998011
0.6239297983895766,0.1294289919344216,0.24664120967601372
0.6450863790220182,0.06534745231207421,0.2895661686659037
0.6510205858309942,0.050510734521553455,0.29846867964750357
0.6525528033170734,0.04728917227160979,0.30015802441136763
0.6377847664391391,0.0872031629588973,0.27501207060200505
0.601834330083501,0.18791241393208763,0.21025325598444877
0.6214728492090248,0.13648189320399934,0.24204525758702933
0.6341441550888625,0.0985682486515282,0.26728759625956466
0.5972638340150288,0.19884166741827589,0.20389449856669603
0.6386328875749754,0.08456616018669667,0.2768009522382714
0.6181690487540041,0.14572746922226626,0.2361034820237074
0.581245352064919,0.2348810255939883,0.18387362234110108
0.6484918556157063,0.05639139101391594,0.29511675337040527
0.6485746316574418,0.05618796780318734,0.2952374005393386
0.5827803751297013,0.23156027720038638,0.18565934766994863
0.6449184703262363,0.06581611541398084,0.28926541425976954
0.6187901137099451,0.14400988257082384,0.23720000371921873
0.5682712037240806,0.2620201357378352,0.16970866053813632
0.5712717190313474,0.25588115265781547,0.1728471283108451
0.6436383391200501,0.06945992083145741,0.286901740048471
0.5196675530683568,0.35299102268208055,0.12734142424959602
0.58075357032557,0.23593960144369666,0.18330682823078162
0.5401970249358321,0.3162424729831448,0.14356050208101268
0.641222530152972,0.07661919375065661,0.28215827609633143
0.6407064419139424,0.07818563009904111,0.2811079279870351
0.5660547070045914,0.26650648583913517,0.16743880715628726
0.6197879778923733,0.14123057993001634,0.2389814421776424
0.6105482940242033,0.166081670337341,0.2233700356385035
0.6176864951927468,0.14705558975695118,0.23525791505025276
0.6236818557506509,0.13014769145428595,0.24617045279509994
0.5523205233487521,0.29347394189186204,0.15420553475936888
0.6059286478890241,0.17782883167594266,0.21624252043504244
0.6475830515929342,0.058671584987868106,0.2937453634191526
0.6091972267633002,0.16956027233726548,0.22124250089939468
0.5907291853615246,0.21393504476188052,0.19533576987663548
0.5993742843117056,0.19383571250254417,0.20679000318572385
0.6367931737569835,0.09029666116269451,0.27291016508032734
0.5930993915951472,0.2085282192298844,0.19837238917492875
0.6460929837016649,0.06258745432045468,0.2913195619779151
0.6074087521825466,0.1741097342952622,0.21848151352217518
0.6114718393040611,0.1636824309781303,0.22484572971777633
0.5891426225671876,0.21751367523941856,0.19334370219341843
0.49929601664407375,0.38761840660595476,0.11308557674997949
0.6105953178797094,0.16595993319292177,0.2234447489274221
0.5795746132680516,0.23846707411524687,0.18195831261672107
0.6414955765963011,0.07579492173898958,0.28270950166474607
0.6176862451490526,0.147056276503521,0.23525747834744767
0.6433489286373634,0.07029974519798854,0.2863513261646512
0.42939560913735014,0.4963480310958401,0.07425635976681348
0.41838895866266995,0.5123558180998802,0.06925522323747288
0.6471386280831122,0.05981712623911349,0.2930442456777693
0.6472336616039343,0.05957052623086949,0.2931958121652201
0.6262024731219642,0.12276863404275179,0.25102889283533325
0.640678454928669,0.07827087245400564,0.28105067261729283
0.5504623188912283,0.2970221686103554,0.15251551249841258
0.5987429991262074,0.1953402522524594,0.205916748621363
0.5736406299837377,0.25097864692302424,0.17538072309321565
0.6218656639794792,0.13536455270078998,0.24276978331970414
0.5973210879527359,0.19870675114560446,0.20397216090165238
0.6394546212564246,0.08202380320329533,0.27852157554027646
0.6129097392677167,0.15991139151068193,0.22717886922156666
0.6457732938178934,0.06345451751108638,0.29077218867100146
0.4433386172222507,0.47568556763294306,0.08097581514482924
0.6384641769752757,0.08508982296650279,0.2764460000581774
0.6282476038796381,0.11666518016151879,0.2550872159588426
0.6536880034470273,0.045067261449222754,0.30124473510377753
0.639930768407035,0.08055821648759293,0.27951101510535875
0.530283714014865,0.3342465747578754,0.13546971122726317
0.4176892735377954,0.5133647970787129,0.06894592938348158
0.5945858831995238,0.2050987310167343,0.20031538578378055
0.6274733185215433,0.1189878988885077,0.25353878258991386
0.6008287976305806,0.19034531953882652,0.20882588283054693
0.6371898711604995,0.0890581422684222,0.27375198657112965
0.6490655877282926,0.05499636943599653,0.29593804283574987
0.62830654232737,0.1164877922516722,0.2552056654209926
0.6274122026139201,0.11917062295269401,0.2534171744333746
0.6135022130950455,0.15834467367427008,0.2281531132307125
0.6478244604296007,0.05805762154087691,0.29411791802948223
0.4564605404759489,0.4558174611416605,0.08772199838244665
0.5829373763425387,0.23121919856342263,0.1858434250939943
0.6428602994627184,0.071729770971345,0.28540992956594663
0.6021405908728085,0.1871681013317837,0.21069130779541417
0.6073465682651953,0.17426681033998173,0.21838662139480847
0.649710430405803,0.053470615679916796,0.29681895391422847
0.5571008100823592,0.2842409408165077,0.15865824910111848
0.6518907652298959,0.04864946943812232,0.29945976533201646
0.5869540622629068,0.22239905966259027,0.19064687807450167
0.620821232553999,0.1383268268169094,0.24085194062911153
0.5939058171976513,0.2066714886911196,0.1994226941112242
0.6432497270589271,0.07058886553289564,0.2861614074081998
0.578830285066869,0.24005543111921882,0.18111428381395658
0.6459519150440577,0.06296894092465606,0.2910791440312742
0.646743373322347,0.06085217368652365,0.29240445299115336
0.6021405865318424,0.18716811189268986,0.2106913015754156
0.58289135186807,0.23131921271120964,0.18578943542075838
0.6265478344009334,0.12174513581205469,0.2517070297870225
0.5885403056143715,0.2188640075062902,0.19259568687935952
0.6195985152837628,0.14176015868442535,0.23864132603178212
0.6495757706548242,0.05378550770387706,0.2966387216412741
0.6429988520111305,0.0713227916751824,0.2856783563136856
0.5506404881403576,0.29668291683041315,0.15267659502927045
0.6195748436216315,0.14182626272796764,0.23859889365039252
0.6535350986802069,0.0453584993903342,0.3011064019294765
0.6292650279705106,0.1135917457726199,0.25714322625681924
0.6391394505463942,0.08299714018497736,0.2778634092686384
0.6462081451049788,0.06227735666824371,0.29151449822674724
0.5992084370074078,0.19423157510689998,0.20655998788573054
0.5307253650261857,0.3334551975875186,0.13581943738633606
0.6479323947409443,0.057785033989600186,0.294282571269426
0.5371203702730372,0.32188549574444913,0.14099413398256877
0.6092144677554743,0.1695161117410209,0.22126942050347617
0.6513386120427577,0.04982080657306351,0.29884058138414166
0.639419281586767,0.08213282137081888,0.27844789704240847
0.6090111320533886,0.17003655645636198,0.22095231149019945
0.626526637911006,0.12180803821645514,0.25166532387258833
0.6340856098997929,0.09875063395132062,0.2671637561488665
0.5558570805454116,0.2866581199363453,0.15748479951829264
0.6512024363863168,0.050114859277477795,0.29868270433616745
0.6496591064539451,0.05359040005459208,0.29675049349143173
0.5516368181990181,0.2947820615901958,0.15358112021081047
0.49765414996285584,0.3903403126211854,0.11200553741598138
0.6524023943096539,0.047594012328595656,0.30000359336170995
0.5938865766749508,0.20671589219172265,0.1993975311332796
0.6226399079670984,0.13315083930851596,0.2442092527243568
0.6403447063478853,0.0792895717875713,0.28036572186452485
0.5795935022888895,0.2384266924810818,0.1819798052300019
0.5060034223233242,0.37639656748274203,0.11760001019396525
0.611278435995693,0.1641863262295854,0.22453523777472217
0.6282968130719231,0.11651708015608982,0.2551861067720095
0.6371823919018433,0.08908148362137298,0.2737361244767281
0.5833051396904307,0.23041919152259305,0.18627566878701768
0.6231598304925827,0.1316557466081585,0.24518442289925882
0.5300831982054792,0.334605553939816,0.13531124785469836
0.636616292732027,0.0908491621462339,0.27253454512179426
0.6525527438400691,0.04728929232891081,0.30015796383100707
0.6477104991488548,0.058346718487427174,0.2939427823637556
0.6355344342550057,0.09422961448664709,0.27023595125830496
0.5543948496465088,0.2894863731515895,0.15611877720193396
0.6417400247638282,0.07505983347601292,0.2832001417601927
0.4204456104763356,0.5093841544809715,0.07017023504266243
0.6010081105986699,0.1899126774361101,0.20907921196527188
0.5381642111094943,0.31997670638131454,0.1418590825091473
0.6443492273495085,0.06742146693177885,0.28822930571867333
0.6471697941591084,0.05973615659354337,0.2930940492473376
0.64332904976908,0.07035763122020533,0.28631331901073676
0.6531549474014487,0.046093364712653365,0.3007516878858951
0.6273928890691184,0.11922834767793306,0.2533787632529716
0.6491040105340505,0.054904199565358504,0.29599178990055786
0.6389598844690896,0.08355271685606148,0.2774873986748837
0.6528301610683104,0.04673349091666092,0.30043634801500313
0.6207021262837681,0.1386629051307523,0.2406349685854269
0.6312196958428011,0.10762378031909174,0.261156523838083
0.4432509727695068,0.4758168557025349,0.08093217152792656
0.6127766754449019,0.16026221583742695,0.22696110871767866
0.5944270533591108,0.20546662520775277,0.20010632143310883
0.643322471966509,0.07037679095476589,0.28630073707867454
0.5005144333409793,0.38559224479624193,0.11389332186273779
0.6360095394982921,0.09274504279320638,0.2712454177085488
0.49010681276344414,0.40273159143426207,0.10716159580231908
0.5580798371501836,0.2823306020281008,0.159589560821703
0.5911869217494706,0.21289661592202536,0.19591646232847545
0.6174103321704187,0.147813166609507,0.23477650122011312
0.5958712014882777,0.20210847649213662,0.20202032201962936
0.6398525991011591,0.08079838515438865,0.2793490157444405
0.5517555735146219,0.2945550670868166,0.15368935939857592
0.6513768857257328,0.04973852839841759,0.2988845858758258
0.5589947295432925,0.2805392540485009,0.160466016408254
0.620406400196581,0.13949581609794431,0.24009778370552498
0.6218072674545783,0.1355309047166109,0.24266182782878973
0.6510336779352747,0.05048211194271915,0.29848421012202664
0.6377618762399565,0.08727447157740975,0.2749636521826154
0.6402741424392049,0.07950544719077529,0.28022041037000117
0.5943485345931973,0.20564836654588278,0.200003098860917
0.6415370157646064,0.07567011451480993,0.2827928697205852
0.5800936754205525,0.23735607055241717,0.18255025402701255
0.5962982003854363,0.20110984307805568,0.2025919565365087
0.6273014059329245,0.11950165133964573,0.2531969427274261
0.6437626136432815,0.06910101101861107,0.28713637533807873
0.5339664859667899,0.3276177029698639,0.1384158110633949
0.4294788796204644,0.49622593140218835,0.07429518897733021
0.6522376316964918,0.047930777170630504,0.2998315911329323
0.4647747570216131,0.44300050223930465,0.09222474073906965
0.6163950251719226,0.1505829059336262,0.23302206889440713
0.6221033470783562,0.1346865847899801,0.2432100681317102
0.6176865016040907,0.14705557214810094,0.2352579262477534
0.6059610638314061,0.1777478134215734,0.21629112274702963
0.6276676416946193,0.11840631257887621,0.25392604572646893
0.5881561349002882,0.21972295109873916,0.1921209140009264
0.6523953667904043,0.04760831560899568,0.2999963176005466
0.5518433733454043,0.29438718363494926,0.15376944301966886
0.6087729587835428,0.17064513419379793,0.2205819070227025
0.6372046915772887,0.08901189177571428,0.27378341664704336
0.5991889411405437,0.19427808183595582,0.20653297702347923
0.5790475921843854,0.23959229080194086,0.1813601170136396
0.5828245081111166,0.23146442730444144,0.1857110645844848
0.6237047750321958,0.13008132205639394,0.24621390291139914
0.4197510046147917,0.510388776967295,0.06986021841791032
0.5958323631638857,0.2021991779685869,0.20196845886747733
0.5864084899310876,0.22360795633572841,0.1899835537331739
0.6448798592505499,0.06592420588313613,0.28919593486636214
0.6447313826916624,0.06634096087232484,0.2889276564359961
0.6470812404776132,0.05996646792564011,0.292952291596752
0.4919459414964011,0.39972999489637273,0.10832406360717856
0.6139065451129712,0.157271071230112,0.22882238365693958
0.64877202827535,0.055705784450722606,0.29552218727393764
0.5903917990801298,0.21469871992700026,0.19490948099289554
0.5710408775781696,0.25635620987015356,0.17260291255163293
0.6464054919899032,0.06174877101060908,0.29184573699948885
0.6207741159455699,0.13845981658691625,0.24076606746750745
0.6265677635406207,0.12168598421966843,0.2517462522397335
0.6285918571019881,0.11562792789002375,0.2557802150079628
0.6460741445760982,0.0626382969587157,0.29128755846522747
0.6262648627851161,0.1225839583751037,0.25115117883979754
0.6212708531599901,0.13705494757970688,0.24167419926032924
0.5575045584402105,0.28345394039168237,0.15904150116805615
0.6422591143870845,0.07350849730400319,0.2842323883088958
0.5708568970446699,0.2567344957541156,0.1724086072012054
0.6234112766851992,0.13093022068318869,0.2456585026315767
0.6218920473449375,0.13528936714872236,0.24281858550634286
0.6250141301059235,0.12626752345271788,0.24871834644134672
0.6359224872682869,0.09301707680683523,0.27106043592487633
0.6393195551817769,0.08244063215779464,0.2782398126604848
0.6478947089226978,0.057880074017547155,0.29422521705976884
0.6369163262051849,0.08991207078134669,0.2731716030134507
0.5639620256458469,0.27070587417015973,0.16533210018400843
0.5639096975217969,0.2708104393384282,0.16527986313980014
0.6500681143480346,0.05264381422279553,0.2972880714291134
0.6221509861146569,0.1345505272381605,0.24329848664714854
0.5495279606511353,0.2987979846119304,0.15167405473692894
0.5867791740745747,0.22278696511319654,0.1904338608122832
0.5798839647887916,0.23780527024790732,0.1823107649632513
0.5523227279155738,0.29346971901701074,0.15420755306742892
0.6520019654048465,0.04841762973938469,0.2995804048558072
0.6404071221931102,0.079098763610067,0.28049411419680687
0.5709873892269762,0.2564662188307881,0.1725463919422904
0.541824596152949,0.31323615847795006,0.14493924536913355
0.6265893623540848,0.12162186576339606,0.25178877188253096
0.6470741250708963,0.059985006968446386,0.29294086796064966
0.648205727469697,0.057100088158022186,0.2946941843722449
0.6472272024360766,0.05958725886736819,0.2931855386965069
0.586799771338482,0.22274129878164717,0.1904589298799152
0.6186472969516682,0.1444056756362881,0.23694702741199963
0.6417273426721377,0.07509790144115913,0.2831747558867333
0.6261495092555734,0.12292533278446534,0.25092515795998244
0.6511309058940916,0.05027014003123635,0.2985989540746962
0.5646176734469553,0.26939390689918613,0.1659884196538573
0.6128789700077133,0.15999254893958098,0.22712848105269942
0.5864264182731088,0.22356828583286184,0.19000529589404166
0.634293649541639,0.0981023848334729,0.2676039656249037
0.6501257874880312,0.05251181258277365,0.2973623999291573
0.6485177017402295,0.056327796353509825,0.2951545019062564
0.6532809273449127,0.04584812299078707,0.30087094966428896
0.6195730051812558,0.14183139606804404,0.23859559875068856
0.5057797606775586,0.3767734783450503,0.1174467609773451
0.6137036163930296,0.15781034651922232,0.2284860370877639
0.6283166291675382,0.11645742556773435,0.2552259452646769
0.5996748643950885,0.19311715841647656,0.20720797718842082
0.5942685260258708,0.20583346793752721,0.199898006036622
0.6523427850456013,0.04771550760733557,0.2999417073470476
0.6165579302259522,0.15014013088436698,0.2333019388896778
0.597054698952114,0.19933407069647902,0.20361123035135498
0.49209627456330207,0.39948413809368855,0.10841958734306102
0.5542442560512719,0.28977682981605696,0.1559789141326343
0.48998874246666896,0.40292390551587326,0.1070873520174281
0.5845543379566214,0.2276905835134018,0.18775507852995932
0.5710120875599135,0.25641542512889637,0.17257248731117386
0.6167995603994851,0.14948224060186124,0.2337181989986612
0.5966110890869051,0.20037639952282887,0.2030125113902379
0.6402679465361019,0.07952441016318676,0.2802076433007316
0.5398066539113308,0.31696133679100624,0.14323200929770655
0.4469322334703516,0.47028660995730104,0.08278115657230165
0.5371223206169575,0.32188193475369375,0.1409957446293354
0.6435595172241877,0.06968810157725575,0.28675238119856716
0.5345275684221169,0.326601726890202,0.13887070468770457
0.6459582368651374,0.06295180698714202,0.2910899561477043
0.6332861842012711,0.10123740768533634,0.2654764081134271
0.6424738075131254,0.07287096691857345,0.2846552255682509
0.5339672627604226,0.32761629751744303,0.1384164397221421
0.6414346625882542,0.07597852425427191,0.2825868131575268
0.5611656055896669,0.27626442228378917,0.16256997212658117
0.6519039465835441,0.04862191683273368,0.2994741365837543
0.6151735449154495,0.1538833604189866,0.2309430946655072
0.6205162973240147,0.1391865457687052,0.24029715690727188
0.5960256181376782,0.20174764282916025,0.20222673903312352
0.6175561815790485,0.14741329503724743,0.23503052338373046
0.45562267505394555,0.45709900494937894,0.08727831999667522
0.5309946942709304,0.3329721235973953,0.13603318213170418
0.49167334639167787,0.400175606419316,0.10815104718900569
0.46389617503051156,0.4443636533537011,0.09174017161578764
0.6283461540418759,0.11636852648840858,0.25528531946971383
0.6283161599661605,0.11645883816311091,0.25522500187068625
0.6224082854951147,0.13381468452723522,0.24377702997764872
0.6076693587509981,0.17345064626639783,0.21887999498260535
0.6285143099501215,0.1158618224000297,0.2556238676498027
0.6414005479663971,0.07608142240189812,0.2825180296316884
0.5335997579070229,0.32828087799700884,0.13811936409596243
0.5071636286193333,0.3744383292803106,0.1183980421003689
0.5450310829471733,0.3072691896647434,0.14769972738811316
0.6114564402792185,0.16372258033892734,0.2248209793818088
0.5181801785206446,0.3555764558585942,0.1262433656207728
0.5375796721459198,0.32104632799712407,0.14137399985693036
0.6473673809571747,0.059225047765772906,0.29340757127699646
0.6197736558365052,0.14127064330366818,0.23895570085985854
0.49171033661591057,0.40011515313240065,0.10817451025164974
0.6485177576489297,0.05632765886571112,0.2951545834853576
0.5869584477853057,0.2223893278299024,0.19065222438483806
0.5309636605705894,0.3330278045575553,0.13600853487183148
0.5958136572273551,0.20224285531934663,0.20194348745324658
0.5674755556158279,0.26363523087669405,0.1688892135074273
0.6426736960889121,0.0722796866255484,0.28504661728550224
0.626287331060296,0.1225174276967524,0.251195241242905
0.5072673160382198,0.3742630694896924,0.11846961447203348
0.5381580678392309,0.3199879572634669,0.141853974897247
0.6228489065261397,0.13255066717039402,0.24460042630343054
0.6462147203911965,0.06225968758126427,0.29152559202749984
0.6263594113608224,0.1223039062635823,0.2513366823755798
0.5663492429561254,0.26591263553279093,0.16773812151113
0.5342644206538655,0.32707842204467286,0.13865715730142256
0.6273526647855269,0.11934854179830891,0.2532987934161456
0.6468074188718023,0.06068343867109235,0.2925091424571437
0.5911682752121205,0.2129389707383985,0.19589275404942624
0.6071167355731122,0.1748467318664499,0.21803653256039102
0.5342631602633532,0.3270807043959327,0.13865613534075458
0.6482510648175124,0.056987224584805644,0.2947617105977079
0.6507624648555086,0.05107891726637417,0.29815861787806974
0.5788074599895356,0.24010404984200767,0.18108849016844913
0.609071372122038,0.16988245497161084,0.221046172906398
0.5965900100980045,0.20042585581131012,0.20298413409062907
0.6201966276828699,0.14008532033292956,0.2397180519841926
0.613904675422627,0.15727604400139686,0.22881928057594733
0.5506427979106351,0.2966785174726193,0.1526786846167406
0.5940486566715852,0.20634168241511958,0.19960966091332868
0.5845110997032661,0.2277853201609664,0.1877035801357796
0.581573785802233,0.23417263872944463,0.18425357546828905
0.652014956039402,0.0483906343434409,0.29959440961715655
0.6105954298693943,0.1659596432158618,0.22344492691479823
0.6317687100985657,0.10593397034174964,0.26229731955964114
0.6423931925924704,0.073110059428716,0.2844967479787688
0.6460803304050282,0.06262159924817219,0.29129807034677146
0.6186481931526184,0.14440319350576078,0.23694861334161993
0.5501894484453536,0.2975413495809792,0.15226920197361224
0.5880223224812707,0.22002171171585266,0.1919559658028994
0.5734895839092625,0.2512927536180988,0.17521766247264334
0.6463290571054755,0.06195307412489451,0.2917178687696672
0.555620670779731,0.28711637221796676,0.15726295700228796
0.6210053617345767,0.13780657757542414,0.24118806069002618
0.444071136678113,0.4745875653238385,0.08134129799799474
0.5428668980759236,0.3113030413709011,0.14583006055317194
0.6317686359790077,0.10593419883902115,0.26229716518196156
0.5580206205677193,0.2824463415870677,0.1595330378452174
0.613516702397715,0.15830626291025685,0.22817703469202874
0.6422589751963597,0.07350891143456009,0.284232113369126
0.5929388840596177,0.2088967194949043,0.19816439644544614
0.5558533370239673,0.2866653792975921,0.1574812836783927
0.5973767484239281,0.1985755429967788,0.2040477085793003
0.6110644060186031,0.164743056616474,0.22419253736487288
0.5587952821316738,0.28093028064455294,0.16027443722375442
0.627908176082695,0.11768516465652457,0.25440665926078276
0.6509688291347452,0.050624072851814854,0.2984070980133952
0.6006638898820573,0.19074274605566588,0.2085933640623193
0.5351538240463523,0.32546581441712497,0.1393803615365777
0.5815762261155325,0.234167371018388,0.18425640286603243
0.6356625856152134,0.09382921431833774,0.27050820006639337
0.5207672999152761,0.35107316240281083,0.1281595376819645
0.6399374053773605,0.08053783328209159,0.27952476134059046
0.5965318031797233,0.20056238920745853,0.20290580761285656
0.642500633967993,0.07279148281304801,0.28470788321893503
0.6229659317054694,0.13221412645558456,0.24481994183899006
0.623410424133313,0.13093268336474756,0.24565689250198297
0.6527778941486516,0.04683756869386072,0.3003845371574958
0.6446403414057383,0.06659735593303523,0.28876230266117714
0.3645239958334321,0.5873164257547275,0.048159578411798125
0.57140327639175,0.2556102062499401,0.1729865173583646
0.6453499721898474,0.06461636453009464,0.2900336632800985
0.6107911307324831,0.16545251873406164,0.22375635053341167
0.5498268680895041,0.29823048884385545,0.15194264306660993
0.6430120753118355,0.07128401052663987,0.2857039141614687
0.625650970094625,0.12439686749475595,0.24995216241063095
0.6412430326882396,0.07655718839492635,0.282199778916831
0.6104578028566862,0.16631581027612716,0.2232263868671424
0.6020480383559315,0.18739319830322004,0.21055876334089627
0.5546258341805347,0.28904056630722263,0.15633359951227876
0.5738201938183142,0.2506049639744878,0.17557484220714534
0.6166110651996461,0.14999557650939854,0.23339335829097388
0.6386468328508353,0.08452289816185672,0.2768302689873315
0.6204814332266437,0.1392846921757234,0.24023387459759718
0.6422530584689515,0.07352651626529043,0.2842204252657823
0.5584537007657538,0.28159930484532003,0.15994699438893034
0.6233662592195246,0.1310602328417704,0.2455735079387223
0.6151459080236991,0.15395764091837444,0.23089645105795065
0.6484920978721559,0.056390794613049515,0.295117107514794
0.6464380901121957,0.061661803714669214,0.29190010617309126
0.6251448540498576,0.12588437041271314,0.2489707755374452
0.6172249882135451,0.14832059174069068,0.23445442004581613
0.6286811634222903,0.11535839337044791,0.25596044320724076
0.6113991317278044,0.16387195554608944,0.22472891272605458
0.5501932919914532,0.29753403988134874,0.15227266812718146
0.5056364636029285,0.37701485985330097,0.11734867654371775
0.6414205571216001,0.07602106357016307,0.2825583793082169
0.505220838670006,0.377714530932622,0.11706463039740687
0.5845761142933824,0.22764286274361187,0.18778102296297217
0.6333465590306306,0.10104986156843573,0.26560357940094687
0.6315796996313727,0.10651634050164918,0.26190395986695486
0.6159188053115043,0.15187373740234378,0.23220745728620187
0.6113064169917994,0.16411347238534707,0.22458011062280706
0.6258642408227858,0.12376812063310726,0.2503676385440979
0.46431047230728495,0.44372111885228277,0.09196840884047527
0.6425603179787951,0.07261478875615968,0.2848248932650203
0.5640470009231712,0.27053602609205524,0.1654169729847286
0.6188530484482301,0.1438353121319861,0.23731163941980096
0.632736498736996,0.10294268745557629,0.26432081380740435
0.6460485921763415,0.06270730827117169,0.2912440995524929
0.6252958076139713,0.12544138632784538,0.24926280605818454
0.6074585500303713,0.17398389254249666,0.21855755742715807
0.6471887933681679,0.059686843229083734,0.29312436340279346
0.6481490677756199,0.05724143780381311,0.2946094944205872
0.6135036590583967,0.15834084066919943,0.22815550027236683
0.6419633775941936,0.07439066878739939,0.2836459536183956
0.533102852094291,0.32917836316740196,0.13771878473834803
0.5943095678787631,0.20573852792576394,0.19995190419552086
0.5811542936854628,0.2350772238509874,0.1837684824635542
0.628494775078773,0.11592072065191326,0.2555845042693639
0.6487149936861263,0.05584467952383145,0.29544032678998955
0.6257144012475991,0.1242099845273633,0.2500756142250091
0.5641268158278377,0.2703764412661291,0.16549674290599792
0.6415984313314669,0.07548528625221716,0.2829162824162838
0.6205297562664482,0.13914864921507075,0.2403215945185361
0.6284946499730647,0.11592109782079903,0.2555842522061208
0.5346569860909351,0.32636715393246307,0.1389758599766055
0.5629452945383543,0.27273377134563215,0.16432093411602008
0.5995047314325126,0.1935240450805746,0.2069712234868651
0.44705394205602433,0.4701032118267238,0.0828428461172722
0.5907927828585918,0.21379092803586047,0.19541628910557654
0.6234789715176563,0.13073461834627662,0.24578641013603744
0.5648938293350882,0.2688403019112997,0.16626586875358368
0.6281071677286478,0.11708752324882692,0.2548053090224706
0.5832338893101942,0.23057430068101223,0.18619181000876947
0.6520416574063758,0.04833520530656794,0.29962313728701057
0.6511111666320122,0.050313090175694734,0.2985757431922499
0.6255110441867731,0.12480876373043373,0.24968019208276565
0.5718398361591125,0.2547100024958294,0.17345016134511448
0.5862095446103013,0.22404791504522287,0.18974254034452764
0.6366621030908103,0.09070605787466081,0.27263183903452276
0.5811327098104596,0.23512371654858916,0.18374357364094618
0.5351221089292956,0.3255233888332989,0.13935450223745524
0.5308592065105231,0.33321518192379607,0.13592561156565522
0.6033183509542451,0.18429108174965725,0.21239056729614705
0.6361265763203465,0.09237930772890098,0.2714941159507169
0.6403937530866189,0.07913962241671152,0.2804666244966634
0.6339109693539117,0.09929448916349377,0.2667945414825472
0.638785894153581,0.08409169284952622,0.27712241299689466
0.5002880105943165,0.3859691801024216,0.11374280930323448
0.6471952018285182,0.05967021774713296,0.2931345804243612
0.5299132979668422,0.33490956814362133,0.13517713388948313
0.4469287769172648,0.47029181798180636,0.08277940510090062
0.6501838569757276,0.052379272833259154,0.29743687019106096
0.6217601474542233,0.1356650709722576,0.24257478157347614
0.572013947710583,0.2543505057888723,0.1736355465005801
0.5187860060767266,0.3545245341928638,0.12668945973038595
0.5080878124343007,0.37287473841785373,0.11903744914789577
0.6417874753056986,0.07491746888537552,0.28329505580891967
0.6293515394950588,0.11332932708367022,0.2573191334212447
0.650653456856304,0.05132107822444634,0.2980254649192926
0.5043621597183127,0.37915797440474225,0.11647986587695465
0.6452988331528667,0.0647577507623076,0.28994341608484997
0.6267554455160935,0.12112844400070824,0.2521161104831633
0.6464120431601605,0.061731285482938596,0.291856671356945
0.6092005595925194,0.16955173618006697,0.22124770422744441
0.6282567221628197,0.11663774206807098,0.25510553576906153
0.6255851417739126,0.12459070602186073,0.24982415220423096
0.6239639288603933,0.12932993705410797,0.24670613408547323
0.6233427438906314,0.131128125506173,0.2455291306032332
0.591333011085871,0.21256462387759287,0.19610236503648876
0.6237612961065848,0.12991759182390647,0.24632111206956067
0.5628647288147426,0.27289412153162235,0.1642411496536594
0.5502240885880405,0.2974754671835169,0.15230044422839806
0.5071226325236948,0.3745076123087003,0.11836975516766067
0.46277352906306723,0.44610242425351093,0.09112404668341277
0.6464758264657728,0.061561251555964855,0.2919629219782528
0.42952100609946275,0.4961641554546259,0.07431483844595108
0.6484482919366432,0.05649873883139463,0.2950529692319835
0.6292648327980012,0.11359233760828885,0.2571428295936878
0.6399589517968785,0.08047166984380338,0.2795693783593425
0.6438608901307082,0.06881793343774974,0.28732117643156474
0.620701804502528,0.13866381261075897,0.2406343828867108
0.5835796256136008,0.22982112365640459,0.18659925073003994
0.6473481058353063,0.059274738012769904,0.29337715615192006
0.6281677587774448,0.1169053607803469,0.25492688044215545
0.4966182464384451,0.39205272322528956,0.11132903033627303
0.610944420508869,0.1650547458738714,0.22400083361723236
0.6490586005905946,0.05501314743807006,0.29592825197132966
0.6380001835364075,0.0865323983706145,0.2754674180930065
0.6486319256467182,0.05604759023117106,0.295320484122132
0.5399983823564684,0.31660837644591433,0.14339324119767333
0.4629464059128777,0.44583489226073864,0.09121870182632852
0.6128784103842473,0.1599940248210637,0.2271275647946348
0.6411131010991439,0.07695043692059683,0.28193646198029726
0.6363214001903187,0.09177051368205047,0.2719080861276619
0.4305713620430958,0.49462260934936503,0.07480602860759163
0.6411063013054411,0.07697103644267227,0.2819226622519113
0.5053767566635335,0.3774521325255091,0.11717111081096486
0.5193850661745467,0.35348279709334274,0.12713213673207707
0.6471576690393612,0.05976764642247292,0.29307468453814317
0.5413748361494088,0.3140684051931802,0.1445567586574444
0.6240077192959131,0.12920280320366023,0.2467894775004341
0.647189091510304,0.05968606966900504,0.2931248388207418
0.5310581938622382,0.332858177126668,0.13608362901103951
0.5293370080300317,0.33593971106827347,0.13472328090168886
0.49777414351748633,0.3901417110534845,0.11208414542908055
0.6274330615016895,0.11910826931586252,0.2534586691824911
0.6325967295546341,0.10337560589083573,0.2640276645545225
0.5520553197035732,0.29398171152720065,0.1539629687692626
0.6456510835195834,0.06378835409725274,0.2905605623831787
0.5379963145831729,0.32028412132491546,0.14171956409186515
0.6463353039937305,0.06193635657401264,0.2917283394322653
0.6279781044730844,0.11747525249731963,0.25454664302960667
0.6256716025990172,0.12433609043163212,0.2499923069693371
